1225, 1226
1226, 1227
1225, 1227
1227, 1226
1227, 1225
1226, 1225
1228, 1229
1229, 1230
1228, 1230
1230, 1229
1230, 1228
1229, 1228
1231, 1232
1232, 1233
1231, 1233
1233, 1232
1233, 1231
1232, 1231
1234, 1235
1235, 1236
1234, 1236
1236, 1235
1236, 1234
1235, 1234
1237, 1238
1238, 1239
1237, 1239
1239, 1238
1239, 1237
1238, 1237
1240, 1241
1241, 1242
1240, 1242
1242, 1241
1242, 1240
1241, 1240
1243, 1244
1244, 1245
1243, 1245
1245, 1244
1245, 1243
1244, 1243
1246, 1247
1247, 1248
1246, 1248
1248, 1247
1248, 1246
1247, 1246
1249, 1250
1250, 1251
1249, 1251
1251, 1250
1251, 1249
1250, 1249
1252, 1253
1253, 1254
1252, 1254
1254, 1253
1254, 1252
1253, 1252
1255, 1256
1256, 1257
1255, 1257
1257, 1256
1257, 1255
1256, 1255
1258, 1259
1259, 1260
1258, 1260
1260, 1259
1260, 1258
1259, 1258
1261, 1262
1262, 1263
1261, 1263
1263, 1262
1263, 1261
1262, 1261
1264, 1265
1265, 1266
1264, 1266
1266, 1265
1266, 1264
1265, 1264
1267, 1268
1268, 1269
1267, 1269
1269, 1268
1269, 1267
1268, 1267
1270, 1271
1271, 1272
1270, 1272
1272, 1271
1272, 1270
1271, 1270
1273, 1274
1274, 1275
1273, 1275
1275, 1274
1275, 1273
1274, 1273
1276, 1277
1277, 1278
1276, 1278
1278, 1277
1278, 1276
1277, 1276
1279, 1280
1280, 1281
1279, 1281
1281, 1280
1281, 1279
1280, 1279
1282, 1283
1283, 1284
1282, 1284
1284, 1283
1284, 1282
1283, 1282
1285, 1286
1286, 1287
1285, 1287
1287, 1286
1287, 1285
1286, 1285
1288, 1289
1289, 1290
1288, 1290
1290, 1289
1290, 1288
1289, 1288
1291, 1292
1292, 1293
1291, 1293
1293, 1292
1293, 1291
1292, 1291
1294, 1295
1295, 1296
1294, 1296
1296, 1295
1296, 1294
1295, 1294
1297, 1298
1298, 1299
1297, 1299
1299, 1298
1299, 1297
1298, 1297
1300, 1301
1301, 1302
1300, 1302
1302, 1301
1302, 1300
1301, 1300
1303, 1304
1304, 1305
1303, 1305
1305, 1304
1305, 1303
1304, 1303
1306, 1307
1307, 1308
1306, 1308
1308, 1307
1308, 1306
1307, 1306
1309, 1310
1310, 1311
1309, 1311
1311, 1310
1311, 1309
1310, 1309
1312, 1313
1313, 1314
1312, 1314
1314, 1313
1314, 1312
1313, 1312
1315, 1316
1316, 1317
1315, 1317
1317, 1316
1317, 1315
1316, 1315
1318, 1319
1319, 1320
1318, 1320
1320, 1319
1320, 1318
1319, 1318
1321, 1322
1322, 1323
1321, 1323
1323, 1322
1323, 1321
1322, 1321
1324, 1325
1325, 1326
1324, 1326
1326, 1325
1326, 1324
1325, 1324
1327, 1328
1328, 1329
1327, 1329
1329, 1328
1329, 1327
1328, 1327
1330, 1331
1331, 1332
1332, 1333
1333, 1334
1334, 1335
1335, 1336
1330, 1332
1332, 1330
1336, 1335
1335, 1334
1334, 1333
1333, 1332
1332, 1331
1331, 1330
1337, 1338
1338, 1339
1339, 1340
1340, 1341
1341, 1342
1342, 1343
1337, 1339
1339, 1337
1343, 1342
1342, 1341
1341, 1340
1340, 1339
1339, 1338
1338, 1337
1344, 1345
1345, 1346
1346, 1347
1347, 1348
1348, 1349
1349, 1350
1344, 1346
1346, 1344
1350, 1349
1349, 1348
1348, 1347
1347, 1346
1346, 1345
1345, 1344
1351, 1352
1352, 1353
1353, 1354
1354, 1355
1355, 1356
1356, 1357
1351, 1353
1353, 1351
1357, 1356
1356, 1355
1355, 1354
1354, 1353
1353, 1352
1352, 1351
1358, 1359
1359, 1360
1360, 1361
1361, 1362
1362, 1363
1358, 1360
1360, 1358
1363, 1362
1362, 1361
1361, 1360
1360, 1359
1359, 1358
1364, 1365
1365, 1366
1366, 1367
1367, 1368
1364, 1366
1366, 1364
1368, 1367
1367, 1366
1366, 1365
1365, 1364
1369, 1370
1370, 1371
1371, 1372
1372, 1373
1373, 1374
1369, 1371
1371, 1369
1374, 1373
1373, 1372
1372, 1371
1371, 1370
1370, 1369
1375, 1376
1376, 1377
1377, 1378
1378, 1379
1375, 1377
1377, 1375
1379, 1378
1378, 1377
1377, 1376
1376, 1375
1380, 1381
1381, 1382
1382, 1383
1383, 1384
1384, 1385
1380, 1382
1382, 1380
1385, 1384
1384, 1383
1383, 1382
1382, 1381
1381, 1380
1386, 1387
1387, 1388
1388, 1389
1389, 1390
1390, 1391
1391, 1392
1392, 1393
1393, 1394
1394, 1395
1386, 1388
1388, 1386
1395, 1394
1394, 1393
1393, 1392
1392, 1391
1391, 1390
1390, 1389
1389, 1388
1388, 1387
1387, 1386
1396, 1397
1397, 1398
1398, 1399
1399, 1400
1400, 1401
1396, 1398
1398, 1396
1401, 1400
1400, 1399
1399, 1398
1398, 1397
1397, 1396
1402, 1403
1403, 1404
1404, 1405
1405, 1406
1406, 1407
1402, 1404
1404, 1402
1407, 1406
1406, 1405
1405, 1404
1404, 1403
1403, 1402
1408, 1409
1409, 1410
1410, 1411
1411, 1412
1412, 1413
1408, 1410
1410, 1408
1413, 1412
1412, 1411
1411, 1410
1410, 1409
1409, 1408
1414, 1415
1415, 1416
1416, 1417
1417, 1418
1414, 1416
1416, 1414
1418, 1417
1417, 1416
1416, 1415
1415, 1414
1419, 1420
1420, 1421
1421, 1422
1422, 1423
1423, 1424
1224, 1425
1425, 1426
1426, 1427
1427, 1428
1419, 1421
1421, 1419
1428, 1427
1427, 1426
1426, 1425
1425, 1424
1424, 1423
1423, 1422
1422, 1421
1421, 1420
1420, 1419
1429, 1430
1430, 1431
1431, 1432
1432, 1433
1429, 1431
1431, 1429
1433, 1432
1432, 1431
1431, 1430
1430, 1429
1434, 1435
1435, 1436
1436, 1437
1437, 1438
1438, 1439
1434, 1436
1436, 1434
1439, 1438
1438, 1437
1437, 1436
1436, 1435
1435, 1434
1440, 1441
1441, 1442
1442, 1443
1443, 1444
1440, 1442
1442, 1440
1444, 1443
1443, 1442
1442, 1441
1441, 1440
1445, 1446
1446, 1447
1447, 1448
1448, 1449
1449, 1450
1445, 1447
1447, 1445
1450, 1449
1449, 1448
1448, 1447
1447, 1446
1446, 1445
1451, 1452
1452, 1453
1453, 1454
1454, 1455
1455, 1456
1451, 1453
1453, 1451
1456, 1455
1455, 1454
1454, 1453
1453, 1452
1452, 1451
1457, 1458
1458, 1459
1459, 1460
1460, 1461
1457, 1459
1459, 1457
1461, 1460
1460, 1459
1459, 1458
1458, 1457
1462, 1463
1463, 1464
1464, 1465
1465, 1466
1466, 1467
1462, 1464
1464, 1462
1467, 1466
1466, 1465
1465, 1464
1464, 1463
1463, 1462
1468, 1469
1469, 1470
1470, 1471
1471, 1472
1468, 1470
1470, 1468
1472, 1471
1471, 1470
1470, 1469
1469, 1468
1473, 1474
1474, 1475
1475, 1476
1476, 1477
1473, 1475
1475, 1473
1477, 1476
1476, 1475
1475, 1474
1474, 1473
1478, 1479
1479, 1480
1480, 1481
1481, 1482
1482, 1483
1478, 1480
1480, 1478
1483, 1482
1482, 1481
1481, 1480
1480, 1479
1479, 1478