1225
1225
1225
1226
1226
1226
1227
1227
1227
1228
1228
1228
1229
1229
1229
1230
1230
1230
1231
1231
1231
1232
1232
1232
1233
1233
1233
1234
1234
1234
1235
1235
1235
1236
1236
1236
1237
1237
1237
1238
1238
1238
1239
1239
1239
1240
1240
1240
1241
1241
1241
1242
1242
1242
1243
1243
1243
1244
1244
1244
1245
1245
1245
1246
1246
1246
1247
1247
1247
1248
1248
1248
1249
1249
1249
1250
1250
1250
1251
1251
1251
1252
1252
1252
1253
1253
1253
1254
1254
1254
1255
1255
1255
1256
1256
1256
1257
1257
1257
1258
1258
1258
1259
1259
1259
1260
1260
1260
1260
1260
1260
1260
1261
1261
1261
1261
1261
1261
1261
1262
1262
1262
1262
1262
1262
1262
1263
1263
1263
1263
1263
1263
1263
1264
1264
1264
1264
1264
1264
1265
1265
1265
1265
1265
1266
1266
1266
1266
1266
1266
1267
1267
1267
1267
1267
1268
1268
1268
1268
1268
1268
1269
1269
1269
1269
1269
1269
1269
1269
1269
1269
1270
1270
1270
1270
1270
1270
1271
1271
1271
1271
1271
1271
1272
1272
1272
1272
1272
1272
1273
1273
1273
1273
1273
1274
1274
1274
1274
1274
1274
1274
1274
1274
1274
1275
1275
1275
1275
1275
1276
1276
1276
1276
1276
1276
1277
1277
1277
1277
1277
1278
1278
1278
1278
1278
1278
1279
1279
1279
1279
1279
1279
1280
1280
1280
1280
1280
1281
1281
1281
1281
1281
1281
1282
1282
1282
1282
1282
1283
1283
1283
1283
1283
1284
1284
1284
1284
1284
1284