1, 2
2, 3
1, 3
3, 2
3, 1
2, 1
4, 5
5, 6
4, 6
6, 5
6, 4
5, 4
7, 8
8, 9
7, 9
9, 8
9, 7
8, 7
10, 11
11, 12
10, 12
12, 11
12, 10
11, 10
13, 14
14, 15
13, 15
15, 14
15, 13
14, 13
16, 17
17, 18
16, 18
18, 17
18, 16
17, 16
19, 20
20, 21
19, 21
21, 20
21, 19
20, 19
22, 23
23, 24
22, 24
24, 23
24, 22
23, 22
25, 26
26, 27
25, 27
27, 26
27, 25
26, 25
28, 29
29, 30
28, 30
30, 29
30, 28
29, 28
31, 32
32, 33
31, 33
33, 32
33, 31
32, 31
34, 35
35, 36
34, 36
36, 35
36, 34
35, 34
37, 38
38, 39
39, 40
40, 41
41, 40
37, 40
40, 39
40, 37
39, 38
38, 37
42, 43
43, 44
42, 44
44, 43
44, 42
43, 42
45, 46
46, 47
47, 48
48, 49
45, 49
49, 45
49, 48
48, 47
47, 46
46, 45
50, 51
51, 52
52, 53
53, 54
50, 54
54, 50
54, 53
53, 52
52, 51
51, 50
55, 56
56, 57
57, 58
58, 59
55, 59
59, 55
59, 58
58, 57
57, 56
56, 55
60, 61
61, 62
62, 63
63, 64
60, 64
64, 60
64, 63
63, 62
62, 61
61, 60
65, 66
66, 67
67, 68
68, 69
65, 69
69, 65
69, 68
68, 67
67, 66
66, 65
70, 71
71, 72
72, 73
73, 74
70, 74
74, 70
74, 73
73, 72
72, 71
71, 70
75, 76
76, 77
77, 78
78, 79
75, 79
79, 75
79, 78
78, 77
77, 76
76, 75
80, 81
81, 82
82, 83
83, 84
80, 84
84, 80
84, 83
83, 82
82, 81
81, 80
85, 86
86, 87
87, 88
88, 89
85, 89
89, 85
89, 88
88, 87
87, 86
86, 85
90, 91
91, 92
92, 93
93, 94
90, 94
94, 90
94, 93
93, 92
92, 91
91, 90
95, 96
96, 97
97, 98
98, 99
95, 99
99, 95
99, 98
98, 97
97, 96
96, 95
100, 101
101, 102
102, 103
103, 104
100, 104
104, 100
104, 103
103, 102
102, 101
101, 100
105, 106
106, 107
107, 108
108, 109
105, 109
109, 105
109, 108
108, 107
107, 106
106, 105
110, 111
111, 112
112, 113
113, 114
110, 114
114, 110
114, 113
113, 112
112, 111
111, 110
115, 116
116, 117
117, 118
118, 119
115, 119
119, 115
119, 118
118, 117
117, 116
116, 115
120, 121
121, 122
122, 123
123, 124
120, 124
124, 120
124, 123
123, 122
122, 121
121, 120
125, 126
126, 127
127, 128
128, 129
125, 129
129, 125
129, 128
128, 127
127, 126
126, 125
130, 131
131, 132
132, 133
133, 134
130, 134
134, 130
134, 133
133, 132
132, 131
131, 130
135, 136
136, 137
137, 138
138, 139
135, 139
139, 135
139, 138
138, 137
137, 136
136, 135
140, 141
141, 142
142, 143
143, 144
140, 144
144, 140
144, 143
143, 142
142, 141
141, 140
145, 146
146, 147
147, 148
148, 149
145, 149
149, 145
149, 148
148, 147
147, 146
146, 145
150, 151
151, 152
152, 153
153, 154
150, 154
154, 150
154, 153
153, 152
152, 151
151, 150
155, 156
156, 157
157, 158
158, 159
155, 159
159, 155
159, 158
158, 157
157, 156
156, 155
160, 161
161, 162
160, 162
162, 161
162, 160
161, 160
163, 164
164, 165
163, 165
165, 164
165, 163
164, 163
166, 167
167, 168
168, 169
169, 170
170, 171
171, 170
170, 169
169, 168
168, 167
167, 166
172, 173
173, 174
172, 174
174, 173
174, 172
173, 172
175, 176
176, 177
175, 177
177, 176
177, 175
176, 175
178, 179
179, 180
178, 180
180, 179
180, 178
179, 178
181, 182
182, 183
181, 183
183, 182
183, 181
182, 181
184, 185
185, 186
184, 186
186, 185
186, 184
185, 184
187, 188
188, 189
187, 189
189, 188
189, 187
188, 187
190, 191
191, 192
192, 193
193, 194
194, 195
195, 196
196, 197
190, 197
197, 190
197, 196
196, 195
195, 194
194, 193
193, 192
192, 191
191, 190
198, 199
199, 200
198, 200
200, 199
200, 198
199, 198
201, 202
202, 203
203, 204
204, 205
201, 205
205, 201
205, 204
204, 203
203, 202
202, 201
206, 207
207, 208
208, 209
209, 210
206, 210
210, 211
211, 212
212, 211
211, 210
210, 206
210, 209
209, 208
208, 207
207, 206
213, 214
214, 215
215, 216
216, 217
213, 217
217, 218
218, 219
219, 218
218, 217
217, 213
217, 216
216, 215
215, 214
214, 213
220, 221
221, 222
222, 223
223, 224
220, 224
224, 225
225, 226
226, 225
225, 224
224, 220
224, 223
223, 222
222, 221
221, 220
227, 228
228, 229
229, 230
230, 231
227, 231
231, 232
232, 233
233, 232
232, 231
231, 227
231, 230
230, 229
229, 228
228, 227
234, 235
235, 236
234, 236
236, 235
236, 234
235, 234
237, 238
238, 239
237, 239
239, 238
239, 237
238, 237
240, 241
241, 242
240, 242
242, 241
242, 240
241, 240
243, 244
244, 245
243, 245
245, 244
245, 243
244, 243
246, 247
247, 248
248, 249
249, 250
250, 251
246, 251
251, 246
251, 250
250, 249
249, 248
248, 247
247, 246
252, 253
253, 254
252, 254
254, 253
254, 252
253, 252
255, 256
256, 257
257, 258
258, 259
259, 260
260, 261
255, 261
261, 255
261, 260
260, 259
259, 258
258, 257
257, 256
256, 255
262, 263
263, 264
264, 265
265, 266
262, 266
266, 262
266, 265
265, 264
264, 263
263, 262
267, 268
268, 269
269, 270
270, 271
271, 272
272, 273
267, 273
273, 267
273, 272
272, 271
271, 270
270, 269
269, 268
268, 267
274, 275
275, 276
276, 277
277, 278
278, 279
279, 280
280, 281
274, 281
281, 274
281, 280
280, 279
279, 278
278, 277
277, 276
276, 275
275, 274
282, 283
283, 284
282, 284
284, 283
284, 282
283, 282
285, 286
286, 287
287, 288
288, 289
285, 289
289, 285
289, 288
288, 287
287, 286
286, 285
290, 291
291, 292
292, 293
293, 294
290, 294
294, 290
294, 293
293, 292
292, 291
291, 290
295, 296
296, 297
297, 298
298, 299
295, 299
299, 295
299, 298
298, 297
297, 296
296, 295
300, 301
301, 302
302, 303
303, 304
300, 304
304, 300
304, 303
303, 302
302, 301
301, 300
305, 306
306, 307
307, 308
308, 309
305, 309
309, 305
309, 308
308, 307
307, 306
306, 305
310, 311
311, 312
312, 313
313, 314
310, 314
314, 310
314, 313
313, 312
312, 311
311, 310
315, 316
316, 317
317, 318
318, 319
315, 319
319, 315
319, 318
318, 317
317, 316
316, 315
320, 321
321, 322
322, 323
323, 324
320, 324
324, 320
324, 323
323, 322
322, 321
321, 320
325, 326
326, 327
327, 328
328, 329
325, 329
329, 325
329, 328
328, 327
327, 326
326, 325
330, 331
331, 332
332, 333
333, 334
330, 334
334, 330
334, 333
333, 332
332, 331
331, 330
335, 336
336, 337
337, 338
338, 339
339, 340
340, 341
341, 342
342, 343
343, 344
335, 344
344, 335
344, 343
343, 342
342, 341
341, 340
340, 339
339, 338
338, 337
337, 336
336, 335
345, 346
346, 347
347, 348
348, 349
349, 350
350, 351
345, 351
351, 345
351, 350
350, 349
349, 348
348, 347
347, 346
346, 345
352, 353
353, 354
354, 355
355, 356
356, 357
357, 358
352, 358
358, 352
358, 357
357, 356
356, 355
355, 354
354, 353
353, 352
359, 360
360, 361
361, 362
362, 363
363, 364
364, 365
359, 365
365, 359
365, 364
364, 363
363, 362
362, 361
361, 360
360, 359
366, 367
367, 368
368, 369
369, 370
370, 371
371, 372
366, 372
372, 366
372, 371
371, 370
370, 369
369, 368
368, 367
367, 366
373, 374
374, 375
375, 376
376, 377
377, 378
378, 379
373, 379
379, 373
379, 378
378, 377
377, 376
376, 375
375, 374
374, 373
380, 381
381, 382
380, 382
382, 381
382, 380
381, 380
383, 384
384, 385
383, 385
385, 384
385, 383
384, 383
386, 387
387, 388
388, 389
389, 390
386, 390
390, 386
390, 389
389, 388
388, 387
387, 386
391, 392
392, 393
393, 394
394, 395
395, 396
396, 397
391, 397
397, 391
397, 396
396, 395
395, 394
394, 393
393, 392
392, 391
398, 399
399, 400
400, 401
401, 402
402, 403
403, 404
398, 404
404, 398
404, 403
403, 402
402, 401
401, 400
400, 399
399, 398
405, 406
406, 407
407, 408
408, 409
409, 410
410, 411
405, 411
411, 405
411, 410
410, 409
409, 408
408, 407
407, 406
406, 405
412, 413
413, 414
414, 415
415, 416
416, 417
417, 418
412, 418
418, 412
418, 417
417, 416
416, 415
415, 414
414, 413
413, 412
419, 420
420, 421
421, 422
422, 423
423, 424
424, 425
419, 425
425, 419
425, 424
424, 423
423, 422
422, 421
421, 420
420, 419
426, 427
427, 428
428, 429
429, 430
430, 431
431, 432
426, 432
432, 426
432, 431
431, 430
430, 429
429, 428
428, 427
427, 426
433, 434
434, 435
435, 436
436, 437
437, 438
438, 439
433, 439
439, 433
439, 438
438, 437
437, 436
436, 435
435, 434
434, 433
440, 441
441, 442
442, 443
443, 444
444, 445
445, 446
440, 446
446, 440
446, 445
445, 444
444, 443
443, 442
442, 441
441, 440
447, 448
448, 449
449, 450
450, 451
451, 452
452, 453
447, 453
453, 447
453, 452
452, 451
451, 450
450, 449
449, 448
448, 447
454, 455
455, 456
456, 457
457, 458
458, 459
459, 460
454, 460
460, 454
460, 459
459, 458
458, 457
457, 456
456, 455
455, 454
461, 462
462, 463
463, 464
464, 465
465, 466
466, 467
461, 467
467, 461
467, 466
466, 465
465, 464
464, 463
463, 462
462, 461
468, 469
469, 470
470, 471
471, 472
472, 473
473, 474
468, 474
474, 468
474, 473
473, 472
472, 471
471, 470
470, 469
469, 468
475, 476
476, 477
477, 478
478, 479
479, 480
480, 481
475, 481
481, 475
481, 480
480, 479
479, 478
478, 477
477, 476
476, 475
482, 483
483, 484
484, 485
485, 486
486, 487
487, 488
482, 488
488, 482
488, 487
487, 486
486, 485
485, 484
484, 483
483, 482
489, 490
490, 491
491, 492
492, 493
493, 494
494, 495
489, 495
495, 489
495, 494
494, 493
493, 492
492, 491
491, 490
490, 489
496, 497
497, 498
498, 499
499, 500
500, 501
501, 502
496, 502
502, 496
502, 501
501, 500
500, 499
499, 498
498, 497
497, 496
503, 504
504, 505
505, 506
506, 507
507, 508
508, 509
503, 509
509, 503
509, 508
508, 507
507, 506
506, 505
505, 504
504, 503
510, 511
511, 512
512, 513
513, 514
514, 515
515, 516
510, 516
516, 510
516, 515
515, 514
514, 513
513, 512
512, 511
511, 510
517, 518
518, 519
519, 520
520, 521
521, 522
522, 523
517, 523
523, 517
523, 522
522, 521
521, 520
520, 519
519, 518
518, 517
524, 525
525, 526
526, 527
527, 528
528, 529
529, 530
524, 530
530, 524
530, 529
529, 528
528, 527
527, 526
526, 525
525, 524
531, 532
532, 533
533, 534
534, 535
535, 536
536, 537
531, 537
537, 531
537, 536
536, 535
535, 534
534, 533
533, 532
532, 531
538, 539
539, 540
540, 541
541, 542
542, 543
543, 544
538, 544
544, 538
544, 543
543, 542
542, 541
541, 540
540, 539
539, 538
545, 546
546, 547
547, 548
548, 549
549, 550
550, 551
545, 551
551, 545
551, 550
550, 549
549, 548
548, 547
547, 546
546, 545
552, 553
553, 554
554, 555
555, 556
556, 557
557, 558
552, 558
558, 552
558, 557
557, 556
556, 555
555, 554
554, 553
553, 552
559, 560
560, 561
561, 562
562, 563
563, 564
564, 565
559, 565
565, 559
565, 564
564, 563
563, 562
562, 561
561, 560
560, 559
566, 567
567, 568
568, 569
569, 570
570, 571
571, 572
566, 572
572, 566
572, 571
571, 570
570, 569
569, 568
568, 567
567, 566
573, 574
574, 575
575, 576
576, 577
577, 578
578, 579
573, 579
579, 573
579, 578
578, 577
577, 576
576, 575
575, 574
574, 573
580, 581
581, 582
582, 583
583, 584
584, 585
585, 586
580, 586
586, 580
586, 585
585, 584
584, 583
583, 582
582, 581
581, 580
587, 588
588, 589
589, 590
590, 591
591, 592
592, 593
587, 593
593, 587
593, 592
592, 591
591, 590
590, 589
589, 588
588, 587
594, 595
595, 596
596, 597
597, 598
598, 599
599, 600
594, 600
600, 594
600, 599
599, 598
598, 597
597, 596
596, 595
595, 594
601, 602
602, 603
603, 604
604, 605
605, 606
606, 607
601, 607
607, 601
607, 606
606, 605
605, 604
604, 603
603, 602
602, 601
608, 609
609, 610
610, 611
611, 612
612, 613
613, 614
608, 614
614, 608
614, 613
613, 612
612, 611
611, 610
610, 609
609, 608
615, 616
616, 617
617, 618
618, 619
619, 620
620, 621
615, 621
621, 615
621, 620
620, 619
619, 618
618, 617
617, 616
616, 615
622, 623
623, 624
624, 625
625, 626
626, 627
627, 628
622, 628
628, 622
628, 627
627, 626
626, 625
625, 624
624, 623
623, 622
629, 630
630, 631
631, 632
632, 633
633, 634
634, 635
629, 635
635, 629
635, 634
634, 633
633, 632
632, 631
631, 630
630, 629
636, 637
637, 638
638, 639
639, 640
640, 641
641, 642
636, 642
642, 636
642, 641
641, 640
640, 639
639, 638
638, 637
637, 636
643, 644
644, 645
645, 646
646, 647
647, 648
648, 649
643, 649
649, 643
649, 648
648, 647
647, 646
646, 645
645, 644
644, 643
650, 651
651, 652
652, 653
653, 654
654, 655
655, 656
650, 656
656, 650
656, 655
655, 654
654, 653
653, 652
652, 651
651, 650
657, 658
658, 659
659, 660
660, 661
661, 662
662, 663
657, 663
663, 657
663, 662
662, 661
661, 660
660, 659
659, 658
658, 657
664, 665
665, 666
666, 667
667, 668
668, 669
669, 670
664, 670
670, 664
670, 669
669, 668
668, 667
667, 666
666, 665
665, 664
671, 672
672, 673
673, 674
674, 675
675, 676
676, 677
671, 677
677, 671
677, 676
676, 675
675, 674
674, 673
673, 672
672, 671
650, 651
651, 652
652, 653
653, 654
654, 655
655, 656
650, 656
656, 650
656, 655
655, 654
654, 653
653, 652
652, 651
651, 650
657, 658
658, 659
659, 660
660, 661
661, 662
662, 663
657, 663
663, 657
663, 662
662, 661
661, 660
660, 659
659, 658
658, 657
664, 665
665, 666
666, 667
667, 668
668, 669
669, 670
664, 670
670, 664
670, 669
669, 668
668, 667
667, 666
666, 665
665, 664
671, 672
672, 673
673, 674
674, 675
675, 676
676, 677
671, 677
677, 671
677, 676
676, 675
675, 674
674, 673
673, 672
672, 671
678, 679
679, 680
680, 681
681, 682
682, 683
683, 684
678, 684
684, 678
684, 683
683, 682
682, 681
681, 680
680, 679
679, 678
685, 686
686, 687
687, 688
688, 689
689, 690
690, 691
685, 691
691, 685
691, 690
690, 689
689, 688
688, 687
687, 686
686, 685
692, 693
693, 694
694, 695
695, 696
696, 697
697, 698
692, 698
698, 692
698, 697
697, 696
696, 695
695, 694
694, 693
693, 692
699, 700
700, 701
701, 702
702, 703
703, 704
704, 705
699, 705
705, 699
705, 704
704, 703
703, 702
702, 701
701, 700
700, 699
706, 707
707, 708
708, 709
709, 710
710, 711
711, 712
706, 712
712, 706
712, 711
711, 710
710, 709
709, 708
708, 707
707, 706
713, 714
714, 715
715, 716
716, 717
717, 718
718, 719
713, 719
719, 713
719, 718
718, 717
717, 716
716, 715
715, 714
714, 713
720, 721
721, 722
722, 723
723, 724
724, 725
725, 726
720, 726
726, 720
726, 725
725, 724
724, 723
723, 722
722, 721
721, 720
727, 728
728, 729
729, 730
730, 731
731, 732
732, 733
727, 733
733, 727
733, 732
732, 731
731, 730
730, 729
729, 728
728, 727
706, 707
707, 708
708, 709
709, 710
710, 711
711, 712
706, 712
712, 706
712, 711
711, 710
710, 709
709, 708
708, 707
707, 706
713, 714
714, 715
715, 716
716, 717
717, 718
718, 719
713, 719
719, 713
719, 718
718, 717
717, 716
716, 715
715, 714
714, 713
720, 721
721, 722
722, 723
723, 724
724, 725
725, 726
720, 726
726, 720
726, 725
725, 724
724, 723
723, 722
722, 721
721, 720
727, 728
728, 729
729, 730
730, 731
731, 732
732, 733
727, 733
733, 727
733, 732
732, 731
731, 730
730, 729
729, 728
728, 727
734, 735
735, 736
736, 737
737, 738
738, 739
739, 740
734, 740
740, 734
740, 739
739, 738
738, 737
737, 736
736, 735
735, 734
741, 742
742, 743
743, 744
744, 745
745, 746
746, 747
741, 747
747, 741
747, 746
746, 745
745, 744
744, 743
743, 742
742, 741
748, 749
749, 750
750, 751
751, 752
752, 753
753, 754
748, 754
754, 748
754, 753
753, 752
752, 751
751, 750
750, 749
749, 748
755, 756
756, 757
757, 758
758, 759
759, 760
760, 761
755, 761
761, 755
761, 760
760, 759
759, 758
758, 757
757, 756
756, 755
762, 763
763, 764
764, 765
765, 766
766, 767
767, 768
762, 768
768, 762
768, 767
767, 766
766, 765
765, 764
764, 763
763, 762
769, 770
770, 771
771, 772
772, 773
773, 774
774, 775
769, 775
775, 769
775, 774
774, 773
773, 772
772, 771
771, 770
770, 769
776, 777
777, 778
778, 779
779, 780
780, 781
781, 782
776, 782
782, 776
782, 781
781, 780
780, 779
779, 778
778, 777
777, 776
783, 784
784, 785
785, 786
786, 787
787, 788
788, 789
783, 789
789, 783
789, 788
788, 787
787, 786
786, 785
785, 784
784, 783
762, 763
763, 764
764, 765
765, 766
766, 767
767, 768
762, 768
768, 762
768, 767
767, 766
766, 765
765, 764
764, 763
763, 762
769, 770
770, 771
771, 772
772, 773
773, 774
774, 775
769, 775
775, 769
775, 774
774, 773
773, 772
772, 771
771, 770
770, 769
776, 777
777, 778
778, 779
779, 780
780, 781
781, 782
776, 782
782, 776
782, 781
781, 780
780, 779
779, 778
778, 777
777, 776
783, 784
784, 785
785, 786
786, 787
787, 788
788, 789
783, 789
789, 783
789, 788
788, 787
787, 786
786, 785
785, 784
784, 783
790, 791
791, 792
792, 793
793, 794
794, 795
795, 796
790, 796
796, 790
796, 795
795, 794
794, 793
793, 792
792, 791
791, 790
797, 798
798, 799
799, 800
800, 801
801, 802
802, 803
797, 803
803, 797
803, 802
802, 801
801, 800
800, 799
799, 798
798, 797
804, 805
805, 806
806, 807
807, 808
808, 809
809, 810
804, 810
810, 804
810, 809
809, 808
808, 807
807, 806
806, 805
805, 804
811, 812
812, 813
813, 814
814, 815
815, 816
816, 817
811, 817
817, 811
817, 816
816, 815
815, 814
814, 813
813, 812
812, 811
818, 819
819, 820
820, 821
821, 822
822, 823
823, 824
818, 824
824, 818
824, 823
823, 822
822, 821
821, 820
820, 819
819, 818
825, 826
826, 827
827, 828
828, 829
829, 830
830, 831
825, 831
831, 825
831, 830
830, 829
829, 828
828, 827
827, 826
826, 825
832, 833
833, 834
832, 834
834, 833
834, 832
833, 832
835, 836
836, 837
835, 837
837, 836
837, 835
836, 835
838, 839
839, 840
838, 840
840, 839
840, 838
839, 838
841, 842
842, 843
843, 844
844, 845
845, 846
846, 847
841, 847
847, 841
847, 846
846, 845
845, 844
844, 843
843, 842
842, 841
848, 849
849, 850
848, 850
850, 849
850, 848
849, 848
851, 852
852, 853
853, 854
854, 855
851, 855
855, 851
855, 854
854, 853
853, 852
852, 851
856, 857
857, 858
858, 859
859, 860
860, 861
856, 861
861, 856
861, 860
860, 859
859, 858
858, 857
857, 856
862, 863
863, 864
862, 864
864, 863
864, 862
863, 862
865, 866
866, 867
867, 868
868, 869
865, 869
869, 865
869, 868
868, 867
867, 866
866, 865
870, 871
871, 872
872, 873
873, 874
870, 874
874, 870
874, 873
873, 872
872, 871
871, 870
875, 876
876, 877
877, 878
878, 879
875, 879
879, 875
879, 878
878, 877
877, 876
876, 875
880, 881
881, 882
882, 883
883, 884
880, 884
884, 880
884, 883
883, 882
882, 881
881, 880
885, 886
886, 887
887, 888
888, 889
885, 889
889, 885
889, 888
888, 887
887, 886
886, 885
890, 891
891, 892
892, 893
893, 894
890, 894
894, 890
894, 893
893, 892
892, 891
891, 890
895, 896
896, 897
897, 898
898, 899
895, 899
899, 895
899, 898
898, 897
897, 896
896, 895
900, 901
901, 902
902, 903
903, 904
900, 904
904, 900
904, 903
903, 902
902, 901
901, 900
905, 906
906, 907
907, 908
908, 909
905, 909
909, 905
909, 908
908, 907
907, 906
906, 905
910, 911
911, 912
912, 913
913, 914
910, 914
914, 910
914, 913
913, 912
912, 911
911, 910
915, 916
916, 917
917, 918
918, 919
915, 919
919, 915
919, 918
918, 917
917, 916
916, 915
920, 921
921, 922
922, 923
923, 924
920, 924
924, 920
924, 923
923, 922
922, 921
921, 920
925, 926
926, 927
927, 928
928, 929
925, 929
929, 925
929, 928
928, 927
927, 926
926, 925
930, 931
931, 932
932, 933
933, 934
930, 934
934, 930
934, 933
933, 932
932, 931
931, 930
935, 936
936, 937
937, 938
938, 939
935, 939
939, 935
939, 938
938, 937
937, 936
936, 935
940, 941
941, 942
942, 943
943, 944
940, 944
944, 940
944, 943
943, 942
942, 941
941, 940
945, 946
946, 947
947, 948
948, 949
945, 949
949, 945
949, 948
948, 947
947, 946
946, 945
950, 951
951, 952
950, 952
952, 951
952, 950
951, 950
953, 954
954, 955
953, 955
955, 954
955, 953
954, 953
956, 957
957, 958
956, 958
958, 957
958, 956
957, 956
959, 960
960, 961
959, 961
961, 960
961, 959
960, 959
962, 963
963, 964
962, 964
964, 963
964, 962
963, 962
965, 966
966, 967
965, 967
967, 966
967, 965
966, 965
968, 969
969, 970
968, 970
970, 969
970, 968
969, 968
971, 972
972, 973
973, 974
974, 975
971, 975
975, 971
975, 974
974, 973
973, 972
972, 971
976, 977
977, 978
976, 978
978, 977
978, 976
977, 976
979, 980
980, 981
979, 981
981, 980
981, 979
980, 979
982, 983
983, 984
982, 984
984, 983
984, 982
983, 982
985, 986
986, 987
987, 988
988, 989
985, 989
989, 985
989, 988
988, 987
987, 986
986, 985
990, 991
991, 992
992, 993
993, 994
990, 994
994, 990
994, 993
993, 992
992, 991
991, 990
995, 996
996, 997
995, 997
997, 996
997, 995
996, 995
998, 999
999, 1000
998, 1000
1000, 999
1000, 998
999, 998
1001, 1002
1002, 1003
1001, 1003
1003, 1002
1003, 1001
1002, 1001
1004, 1005
1005, 1006
1004, 1006
1006, 1005
1006, 1004
1005, 1004
1007, 1008
1008, 1009
1007, 1009
1009, 1008
1009, 1007
1008, 1007
1010, 1011
1011, 1012
1010, 1012
1012, 1011
1012, 1010
1011, 1010
1013, 1014
1014, 1015
1013, 1015
1015, 1014
1015, 1013
1014, 1013
1016, 1017
1017, 1018
1018, 1019
1019, 1020
1020, 1021
1016, 1021
1021, 1016
1021, 1020
1020, 1019
1019, 1018
1018, 1017
1017, 1016
1022, 1023
1023, 1024
1024, 1025
1025, 1026
1026, 1027
1027, 1028
1022, 1028
1028, 1022
1028, 1027
1027, 1026
1026, 1025
1025, 1024
1024, 1023
1023, 1022
1029, 1030
1030, 1031
1029, 1031
1031, 1030
1031, 1029
1030, 1029
1032, 1033
1033, 1034
1032, 1034
1034, 1033
1034, 1032
1033, 1032
1035, 1036
1036, 1037
1035, 1037
1037, 1036
1037, 1035
1036, 1035
1038, 1039
1039, 1040
1040, 1041
1041, 1042
1038, 1042
1042, 1038
1042, 1041
1041, 1040
1040, 1039
1039, 1038
1043, 1044
1044, 1045
1045, 1046
1046, 1047
1043, 1047
1047, 1043
1047, 1046
1046, 1045
1045, 1044
1044, 1043
1048, 1049
1049, 1050
1050, 1051
1051, 1052
1048, 1052
1052, 1048
1052, 1051
1051, 1050
1050, 1049
1049, 1048
1053, 1054
1054, 1055
1055, 1056
1056, 1057
1053, 1057
1057, 1053
1057, 1056
1056, 1055
1055, 1054
1054, 1053
1058, 1059
1059, 1060
1060, 1061
1061, 1062
1062, 1063
1063, 1064
1058, 1064
1064, 1058
1064, 1063
1063, 1062
1062, 1061
1061, 1060
1060, 1059
1059, 1058
1065, 1066
1066, 1067
1065, 1067
1067, 1066
1067, 1065
1066, 1065
1068, 1069
1069, 1070
1068, 1070
1070, 1069
1070, 1068
1069, 1068
1071, 1072
1072, 1073
1071, 1073
1073, 1072
1073, 1071
1072, 1071
1074, 1075
1075, 1076
1074, 1076
1076, 1075
1076, 1074
1075, 1074
1077, 1078
1078, 1079
1079, 1080
1080, 1081
1077, 1081
1081, 1077
1081, 1080
1080, 1079
1079, 1078
1078, 1077
1082, 1083
1083, 1084
1084, 1085
1085, 1086
1086, 1087
1087, 1088
1088, 1089
1089, 1090
1090, 1091
1082, 1091
1091, 1082
1091, 1090
1090, 1089
1089, 1088
1088, 1087
1087, 1086
1086, 1085
1085, 1084
1084, 1083
1083, 1082
1092, 1093
1093, 1094
1094, 1095
1095, 1096
1096, 1097
1097, 1098
1098, 1099
1099, 1100
1100, 1101
1092, 1101
1101, 1092
1101, 1100
1100, 1099
1099, 1098
1098, 1097
1097, 1096
1096, 1095
1095, 1094
1094, 1093
1093, 1092
1102, 1103
1103, 1104
1104, 1105
1105, 1106
1106, 1107
1102, 1107
1107, 1102
1107, 1106
1106, 1105
1105, 1104
1104, 1103
1103, 1102
1108, 1109
1109, 1110
1108, 1110
1110, 1109
1110, 1108
1109, 1108
1111, 1112
1112, 1113
1113, 1114
1114, 1115
1115, 1116
1116, 1117
1117, 1118
1111, 1118
1118, 1111
1118, 1117
1117, 1116
1116, 1115
1115, 1114
1114, 1113
1113, 1112
1112, 1111
1119, 1120
1120, 1121
1121, 1122
1122, 1123
1119, 1123
1123, 1121
1121, 1123
1123, 1119
1123, 1122
1122, 1121
1121, 1120
1120, 1119
1124, 1125
1125, 1126
1126, 1127
1127, 1128
1124, 1128
1128, 1126
1126, 1128
1128, 1124
1128, 1127
1127, 1126
1126, 1125
1125, 1124
1129, 1130
1130, 1131
1131, 1132
1132, 1133
1129, 1133
1133, 1131
1131, 1133
1133, 1129
1133, 1132
1132, 1131
1131, 1130
1130, 1129
1134, 1135
1135, 1136
1136, 1137
1137, 1138
1134, 1138
1138, 1136
1136, 1138
1138, 1134
1138, 1137
1137, 1136
1136, 1135
1135, 1134
1139, 1140
1140, 1141
1141, 1142
1142, 1143
1139, 1143
1143, 1141
1141, 1143
1143, 1139
1143, 1142
1142, 1141
1141, 1140
1140, 1139
1144, 1145
1145, 1146
1146, 1147
1147, 1148
1144, 1148
1148, 1146
1146, 1148
1148, 1144
1148, 1147
1147, 1146
1146, 1145
1145, 1144
1149, 1150
1150, 1151
1151, 1152
1152, 1153
1149, 1153
1153, 1151
1151, 1153
1153, 1149
1153, 1152
1152, 1151
1151, 1150
1150, 1149
1154, 1155
1155, 1156
1156, 1157
1157, 1158
1154, 1158
1158, 1156
1156, 1158
1158, 1154
1158, 1157
1157, 1156
1156, 1155
1155, 1154
1159, 1160
1160, 1161
1161, 1162
1162, 1163
1159, 1163
1163, 1161
1161, 1163
1163, 1159
1163, 1162
1162, 1161
1161, 1160
1160, 1159
1164, 1165
1165, 1166
1166, 1167
1167, 1168
1164, 1168
1168, 1166
1166, 1168
1168, 1164
1168, 1167
1167, 1166
1166, 1165
1165, 1164
1169, 1170
1170, 1171
1171, 1172
1172, 1173
1169, 1173
1173, 1171
1171, 1173
1173, 1169
1173, 1172
1172, 1171
1171, 1170
1170, 1169
1174, 1175
1175, 1176
1176, 1177
1177, 1178
1174, 1178
1178, 1176
1176, 1178
1178, 1174
1178, 1177
1177, 1176
1176, 1175
1175, 1174
1179, 1180
1180, 1181
1181, 1182
1182, 1183
1179, 1183
1183, 1179
1183, 1182
1182, 1181
1181, 1180
1180, 1179
1184, 1185
1185, 1186
1186, 1187
1187, 1188
1184, 1188
1188, 1184
1188, 1187
1187, 1186
1186, 1185
1185, 1184
1189, 1190
1190, 1191
1191, 1192
1192, 1193
1189, 1193
1193, 1189
1193, 1192
1192, 1191
1191, 1190
1190, 1189
1194, 1195
1195, 1196
1196, 1197
1197, 1198
1194, 1198
1198, 1194
1198, 1197
1197, 1196
1196, 1195
1195, 1194
1199, 1200
1200, 1201
1201, 1202
1202, 1203
1199, 1203
1203, 1199
1203, 1202
1202, 1201
1201, 1200
1200, 1199
1204, 1205
1205, 1206
1206, 1207
1207, 1208
1204, 1208
1208, 1204
1208, 1207
1207, 1206
1206, 1205
1205, 1204
1209, 1210
1210, 1211
1211, 1212
1212, 1213
1209, 1213
1213, 1209
1213, 1212
1212, 1211
1211, 1210
1210, 1209
1214, 1215
1215, 1216
1216, 1217
1217, 1218
1214, 1218
1218, 1214
1218, 1217
1217, 1216
1216, 1215
1215, 1214
1219, 1220
1220, 1221
1221, 1222
1222, 1223
1219, 1223
1223, 1219
1223, 1222
1222, 1221
1221, 1220
1220, 1219
1224, 1225
1225, 1226
1226, 1227
1227, 1228
1224, 1228
1228, 1224
1228, 1227
1227, 1226
1226, 1225
1225, 1224
1229, 1230
1230, 1231
1231, 1232
1232, 1233
1229, 1233
1233, 1229
1233, 1232
1232, 1231
1231, 1230
1230, 1229
1234, 1235
1235, 1236
1236, 1237
1237, 1238
1234, 1238
1238, 1234
1238, 1237
1237, 1236
1236, 1235
1235, 1234
1239, 1240
1240, 1241
1241, 1242
1242, 1243
1239, 1243
1243, 1239
1243, 1242
1242, 1241
1241, 1240
1240, 1239
1244, 1245
1245, 1246
1246, 1247
1247, 1248
1244, 1248
1248, 1244
1248, 1247
1247, 1246
1246, 1245
1245, 1244
1249, 1250
1250, 1251
1249, 1251
1251, 1250
1251, 1249
1250, 1249
1252, 1253
1253, 1254
1252, 1254
1254, 1253
1254, 1252
1253, 1252
1255, 1256
1256, 1257
1257, 1258
1258, 1259
1255, 1259
1259, 1255
1259, 1258
1258, 1257
1257, 1256
1256, 1255
1260, 1261
1261, 1262
1260, 1262
1262, 1261
1262, 1260
1261, 1260
1263, 1264
1264, 1265
1263, 1265
1265, 1264
1265, 1263
1264, 1263
1266, 1267
1267, 1268
1266, 1268
1268, 1267
1268, 1266
1267, 1266
1269, 1270
1270, 1271
1269, 1271
1271, 1270
1271, 1269
1270, 1269
1272, 1273
1273, 1274
1272, 1274
1274, 1273
1274, 1272
1273, 1272
1275, 1276
1276, 1277
1275, 1277
1277, 1276
1277, 1275
1276, 1275
1278, 1279
1279, 1280
1278, 1280
1280, 1279
1280, 1278
1279, 1278
1281, 1282
1282, 1283
1281, 1283
1283, 1282
1283, 1281
1282, 1281
1284, 1285
1285, 1286
1284, 1286
1286, 1285
1286, 1284
1285, 1284
1287, 1288
1288, 1289
1287, 1289
1289, 1288
1289, 1287
1288, 1287
1290, 1291
1291, 1292
1290, 1292
1292, 1291
1292, 1290
1291, 1290
1293, 1294
1294, 1295
1295, 1296
1296, 1297
1297, 1298
1298, 1299
1293, 1299
1299, 1293
1299, 1298
1298, 1297
1297, 1296
1296, 1295
1295, 1294
1294, 1293
1300, 1301
1301, 1302
1300, 1302
1302, 1301
1302, 1300
1301, 1300
1303, 1304
1304, 1305
1303, 1305
1305, 1304
1305, 1303
1304, 1303
1306, 1307
1307, 1308
1306, 1308
1308, 1307
1308, 1306
1307, 1306
1309, 1310
1310, 1311
1309, 1311
1311, 1310
1311, 1309
1310, 1309
1312, 1313
1313, 1314
1312, 1314
1314, 1313
1314, 1312
1313, 1312
1315, 1316
1316, 1317
1315, 1317
1317, 1316
1317, 1315
1316, 1315
1318, 1319
1319, 1320
1320, 1321
1321, 1322
1322, 1323
1323, 1324
1318, 1324
1324, 1318
1324, 1323
1323, 1322
1322, 1321
1321, 1320
1320, 1319
1319, 1318
1325, 1326
1326, 1327
1327, 1328
1328, 1329
1329, 1330
1330, 1331
1325, 1331
1331, 1325
1331, 1330
1330, 1329
1329, 1328
1328, 1327
1327, 1326
1326, 1325
1332, 1333
1333, 1334
1334, 1335
1335, 1336
1336, 1337
1337, 1338
1338, 1339
1332, 1339
1339, 1332
1339, 1338
1338, 1337
1337, 1336
1336, 1335
1335, 1334
1334, 1333
1333, 1332
1340, 1341
1341, 1342
1342, 1343
1343, 1344
1344, 1345
1345, 1346
1346, 1347
1340, 1347
1347, 1340
1347, 1346
1346, 1345
1345, 1344
1344, 1343
1343, 1342
1342, 1341
1341, 1340
1348, 1349
1349, 1350
1348, 1350
1350, 1351
1351, 1352
1352, 1353
1353, 1352
1352, 1351
1351, 1350
1350, 1348
1350, 1349
1349, 1348
1354, 1355
1355, 1356
1354, 1356
1356, 1355
1356, 1354
1355, 1354
1357, 1358
1358, 1359
1357, 1359
1359, 1358
1359, 1357
1358, 1357
1360, 1361
1361, 1362
1362, 1363
1363, 1364
1364, 1365
1360, 1365
1365, 1360
1365, 1364
1364, 1363
1363, 1362
1362, 1361
1361, 1360
1366, 1367
1367, 1368
1366, 1368
1368, 1367
1368, 1366
1367, 1366
1369, 1370
1370, 1371
1371, 1372
1372, 1373
1373, 1374
1374, 1375
1375, 1376
1376, 1377
1369, 1377
1377, 1369
1377, 1376
1376, 1375
1375, 1374
1374, 1373
1373, 1372
1372, 1371
1371, 1370
1370, 1369
1378, 1379
1379, 1380
1380, 1381
1381, 1382
1382, 1383
1383, 1384
1384, 1385
1385, 1386
1378, 1386
1386, 1378
1386, 1385
1385, 1384
1384, 1383
1383, 1382
1382, 1381
1381, 1380
1380, 1379
1379, 1378
1387, 1388
1388, 1389
1387, 1389
1389, 1388
1389, 1387
1388, 1387
1390, 1391
1391, 1392
1390, 1392
1392, 1391
1392, 1390
1391, 1390
1393, 1394
1394, 1395
1393, 1395
1395, 1394
1395, 1393
1394, 1393
1396, 1397
1397, 1398
1398, 1399
1399, 1400
1396, 1400
1400, 1396
1400, 1399
1399, 1398
1398, 1397
1397, 1396
1401, 1402
1402, 1403
1403, 1404
1404, 1405
1401, 1405
1405, 1401
1405, 1404
1404, 1403
1403, 1402
1402, 1401
1406, 1407
1407, 1408
1406, 1408
1408, 1407
1408, 1406
1407, 1406
1409, 1410
1410, 1411
1411, 1412
1412, 1413
1409, 1413
1413, 1409
1413, 1412
1412, 1411
1411, 1410
1410, 1409
1414, 1415
1415, 1416
1416, 1417
1417, 1418
1418, 1419
1419, 1420
1420, 1421
1421, 1422
1422, 1423
1414, 1423
1423, 1414
1423, 1422
1422, 1421
1421, 1420
1420, 1419
1419, 1418
1418, 1417
1417, 1416
1416, 1415
1415, 1414
1424, 1425
1425, 1426
1424, 1426
1426, 1425
1426, 1424
1425, 1424
1427, 1428
1428, 1429
1427, 1429
1429, 1428
1429, 1427
1428, 1427
1430, 1431
1431, 1432
1432, 1433
1433, 1434
1430, 1434
1434, 1430
1434, 1433
1433, 1432
1432, 1431
1431, 1430
1435, 1436
1436, 1437
1437, 1438
1438, 1439
1435, 1439
1439, 1435
1439, 1438
1438, 1437
1437, 1436
1436, 1435
1440, 1441
1441, 1442
1442, 1443
1443, 1444
1440, 1444
1444, 1440
1444, 1443
1443, 1442
1442, 1441
1441, 1440
1445, 1446
1446, 1447
1447, 1448
1448, 1449
1445, 1449
1449, 1445
1449, 1448
1448, 1447
1447, 1446
1446, 1445
1450, 1451
1451, 1452
1452, 1453
1453, 1454
1450, 1454
1454, 1450
1454, 1453
1453, 1452
1452, 1451
1451, 1450
1455, 1456
1456, 1457
1455, 1457
1457, 1456
1457, 1455
1456, 1455
1458, 1459
1459, 1460
1458, 1460
1460, 1459
1460, 1458
1459, 1458
1461, 1462
1462, 1463
1461, 1463
1463, 1462
1463, 1461
1462, 1461
1464, 1465
1465, 1466
1466, 1467
1467, 1468
1464, 1468
1468, 1464
1468, 1467
1467, 1466
1466, 1465
1465, 1464
1469, 1470
1470, 1471
1469, 1471
1471, 1470
1471, 1469
1470, 1469
1472, 1473
1473, 1474
1474, 1475
1475, 1476
1472, 1476
1476, 1472
1476, 1475
1475, 1474
1474, 1473
1473, 1472
1477, 1478
1478, 1479
1479, 1480
1480, 1481
1481, 1482
1482, 1483
1477, 1483
1483, 1477
1483, 1482
1482, 1481
1481, 1480
1480, 1479
1479, 1478
1478, 1477
1484, 1485
1485, 1486
1486, 1487
1487, 1488
1488, 1489
1484, 1489
1489, 1484
1489, 1488
1488, 1487
1487, 1486
1486, 1485
1485, 1484
1490, 1491
1491, 1492
1490, 1492
1492, 1491
1492, 1490
1491, 1490
1493, 1494
1494, 1495
1495, 1496
1496, 1497
1497, 1498
1498, 1499
1493, 1499
1499, 1493
1499, 1498
1498, 1497
1497, 1496
1496, 1495
1495, 1494
1494, 1493
1500, 1501
1501, 1502
1500, 1502
1502, 1501
1502, 1500
1501, 1500
1503, 1504
1504, 1505
1503, 1505
1505, 1504
1505, 1503
1504, 1503
1506, 1507
1507, 1508
1506, 1508
1508, 1507
1508, 1506
1507, 1506
1509, 1510
1510, 1511
1509, 1511
1511, 1510
1511, 1509
1510, 1509
1512, 1513
1513, 1514
1512, 1514
1514, 1513
1514, 1512
1513, 1512
1515, 1516
1516, 1517
1515, 1517
1517, 1516
1517, 1515
1516, 1515
1518, 1519
1519, 1520
1518, 1520
1520, 1519
1520, 1518
1519, 1518
1521, 1522
1522, 1523
1521, 1523
1523, 1522
1523, 1521
1522, 1521
1524, 1525
1525, 1526
1524, 1526
1526, 1525
1526, 1524
1525, 1524
1527, 1528
1528, 1529
1527, 1529
1529, 1528
1529, 1527
1528, 1527
1530, 1531
1531, 1532
1530, 1532
1532, 1531
1532, 1530
1531, 1530
1533, 1534
1534, 1535
1533, 1535
1535, 1534
1535, 1533
1534, 1533
1536, 1537
1537, 1538
1536, 1538
1538, 1537
1538, 1536
1537, 1536
1539, 1540
1540, 1541
1541, 1542
1542, 1543
1540, 1543
1543, 1540
1543, 1542
1542, 1541
1541, 1540
1540, 1539
1544, 1545
1545, 1546
1544, 1546
1546, 1545
1546, 1544
1545, 1544
1547, 1548
1548, 1549
1549, 1550
1550, 1551
1551, 1552
1552, 1553
1553, 1554
1554, 1555
1555, 1556
1556, 1557
1547, 1557
1557, 1547
1557, 1556
1556, 1555
1555, 1554
1554, 1553
1553, 1552
1552, 1551
1551, 1550
1550, 1549
1549, 1548
1548, 1547
1558, 1559
1559, 1560
1560, 1561
1561, 1562
1562, 1563
1563, 1564
1564, 1565
1558, 1565
1565, 1558
1565, 1564
1564, 1563
1563, 1562
1562, 1561
1561, 1560
1560, 1559
1559, 1558
1566, 1567
1567, 1568
1566, 1568
1568, 1567
1568, 1566
1567, 1566
1569, 1570
1570, 1571
1569, 1571
1571, 1570
1571, 1569
1570, 1569
1572, 1573
1573, 1574
1572, 1574
1574, 1573
1574, 1572
1573, 1572
1575, 1576
1576, 1577
1575, 1577
1577, 1576
1577, 1575
1576, 1575
1578, 1579
1579, 1580
1578, 1580
1580, 1579
1580, 1578
1579, 1578
1581, 1582
1582, 1583
1581, 1583
1583, 1582
1583, 1581
1582, 1581
1584, 1585
1585, 1586
1584, 1586
1586, 1585
1586, 1584
1585, 1584
1587, 1588
1588, 1589
1587, 1589
1589, 1588
1589, 1587
1588, 1587
1590, 1591
1591, 1592
1590, 1592
1592, 1591
1592, 1590
1591, 1590
1593, 1594
1594, 1595
1593, 1595
1595, 1594
1595, 1593
1594, 1593
1596, 1597
1597, 1598
1596, 1598
1598, 1597
1598, 1596
1597, 1596
1599, 1600
1600, 1601
1599, 1601
1601, 1600
1601, 1599
1600, 1599
1602, 1603
1603, 1604
1604, 1605
1605, 1606
1606, 1607
1602, 1607
1607, 1602
1607, 1606
1606, 1605
1605, 1604
1604, 1603
1603, 1602
1608, 1609
1609, 1610
1608, 1610
1610, 1609
1610, 1608
1609, 1608
1611, 1612
1612, 1613
1613, 1614
1614, 1615
1611, 1615
1615, 1611
1615, 1614
1614, 1613
1613, 1612
1612, 1611
1616, 1617
1617, 1618
1618, 1619
1619, 1620
1616, 1620
1620, 1616
1620, 1619
1619, 1618
1618, 1617
1617, 1616
1621, 1622
1622, 1623
1621, 1623
1623, 1622
1623, 1621
1622, 1621
1624, 1625
1625, 1626
1626, 1627
1627, 1628
1624, 1628
1628, 1624
1628, 1627
1627, 1626
1626, 1625
1625, 1624
1629, 1630
1630, 1631
1631, 1632
1632, 1633
1633, 1634
1634, 1635
1629, 1635
1635, 1629
1635, 1634
1634, 1633
1633, 1632
1632, 1631
1631, 1630
1630, 1629
1636, 1637
1637, 1638
1638, 1639
1639, 1640
1640, 1641
1641, 1642
1642, 1643
1636, 1643
1643, 1636
1643, 1642
1642, 1641
1641, 1640
1640, 1639
1639, 1638
1638, 1637
1637, 1636
1644, 1645
1645, 1646
1644, 1646
1646, 1645
1646, 1644
1645, 1644
1647, 1648
1648, 1649
1647, 1649
1649, 1648
1649, 1647
1648, 1647
1650, 1651
1651, 1652
1650, 1652
1652, 1651
1652, 1650
1651, 1650
1653, 1654
1654, 1655
1655, 1656
1656, 1657
1653, 1657
1657, 1653
1657, 1656
1656, 1655
1655, 1654
1654, 1653
1658, 1659
1659, 1660
1660, 1661
1661, 1662
1662, 1663
1658, 1663
1663, 1658
1663, 1662
1662, 1661
1661, 1660
1660, 1659
1659, 1658
1664, 1665
1665, 1666
1666, 1667
1667, 1668
1668, 1669
1664, 1669
1669, 1664
1669, 1668
1668, 1667
1667, 1666
1666, 1665
1665, 1664
1670, 1671
1671, 1672
1672, 1673
1673, 1674
1674, 1675
1670, 1675
1675, 1670
1675, 1674
1674, 1673
1673, 1672
1672, 1671
1671, 1670
1676, 1677
1677, 1678
1678, 1679
1679, 1680
1680, 1681
1676, 1681
1681, 1676
1681, 1680
1680, 1679
1679, 1678
1678, 1677
1677, 1676
1682, 1683
1683, 1684
1684, 1685
1685, 1686
1686, 1687
1682, 1687
1687, 1682
1687, 1686
1686, 1685
1685, 1684
1684, 1683
1683, 1682
1688, 1689
1689, 1690
1690, 1691
1691, 1692
1692, 1693
1688, 1693
1693, 1688
1693, 1692
1692, 1691
1691, 1690
1690, 1689
1689, 1688
1694, 1695
1695, 1696
1696, 1697
1697, 1698
1698, 1699
1694, 1699
1699, 1694
1699, 1698
1698, 1697
1697, 1696
1696, 1695
1695, 1694
1700, 1701
1701, 1702
1702, 1703
1703, 1704
1704, 1705
1700, 1705
1705, 1700
1705, 1704
1704, 1703
1703, 1702
1702, 1701
1701, 1700
1706, 1707
1707, 1708
1708, 1709
1709, 1710
1710, 1711
1706, 1711
1711, 1706
1711, 1710
1710, 1709
1709, 1708
1708, 1707
1707, 1706
1712, 1713
1713, 1714
1714, 1715
1715, 1716
1716, 1717
1712, 1717
1717, 1712
1717, 1716
1716, 1715
1715, 1714
1714, 1713
1713, 1712
1718, 1719
1719, 1720
1720, 1721
1721, 1722
1718, 1722
1722, 1718
1722, 1721
1721, 1720
1720, 1719
1719, 1718
1723, 1724
1724, 1725
1723, 1725
1725, 1724
1725, 1723
1724, 1723
1726, 1727
1727, 1728
1726, 1728
1728, 1727
1728, 1726
1727, 1726
1729, 1730
1730, 1731
1729, 1731
1731, 1730
1731, 1729
1730, 1729
1732, 1733
1733, 1734
1732, 1734
1734, 1733
1734, 1732
1733, 1732
1735, 1736
1736, 1737
1735, 1737
1737, 1736
1737, 1735
1736, 1735
1738, 1739
1739, 1740
1738, 1740
1740, 1739
1740, 1738
1739, 1738
1741, 1742
1742, 1743
1741, 1743
1743, 1742
1743, 1741
1742, 1741
1744, 1745
1745, 1746
1744, 1746
1746, 1745
1746, 1744
1745, 1744
1747, 1748
1748, 1749
1747, 1749
1749, 1748
1749, 1747
1748, 1747
1750, 1751
1751, 1752
1750, 1752
1752, 1751
1752, 1750
1751, 1750
1753, 1754
1754, 1755
1753, 1755
1755, 1754
1755, 1753
1754, 1753
1756, 1757
1757, 1758
1756, 1758
1758, 1757
1758, 1756
1757, 1756
1759, 1760
1760, 1761
1759, 1761
1761, 1760
1761, 1759
1760, 1759
1762, 1763
1763, 1764
1762, 1764
1764, 1763
1764, 1762
1763, 1762
1765, 1766
1766, 1767
1765, 1767
1767, 1766
1767, 1765
1766, 1765
1768, 1769
1769, 1770
1768, 1770
1770, 1769
1770, 1768
1769, 1768
1771, 1772
1772, 1773
1771, 1773
1773, 1772
1773, 1771
1772, 1771
1774, 1775
1775, 1776
1774, 1776
1776, 1775
1776, 1774
1775, 1774
1777, 1778
1778, 1779
1777, 1779
1779, 1778
1779, 1777
1778, 1777
1780, 1781
1781, 1782
1780, 1782
1782, 1781
1782, 1780
1781, 1780
1783, 1784
1784, 1785
1785, 1786
1786, 1787
1783, 1787
1787, 1783
1787, 1786
1786, 1785
1785, 1784
1784, 1783
1788, 1789
1789, 1790
1790, 1791
1791, 1792
1792, 1793
1793, 1794
1794, 1795
1795, 1796
1796, 1797
1797, 1798
1788, 1798
1798, 1788
1798, 1797
1797, 1796
1796, 1795
1795, 1794
1794, 1793
1793, 1792
1792, 1791
1791, 1790
1790, 1789
1789, 1788
1799, 1800
1800, 1801
1799, 1801
1801, 1800
1801, 1799
1800, 1799
1802, 1803
1803, 1804
1802, 1804
1804, 1803
1804, 1802
1803, 1802
1805, 1806
1806, 1807
1807, 1808
1808, 1809
1809, 1810
1805, 1810
1810, 1805
1810, 1809
1809, 1808
1808, 1807
1807, 1806
1806, 1805
1811, 1812
1812, 1813
1813, 1814
1814, 1815
1815, 1816
1811, 1816
1816, 1811
1816, 1815
1815, 1814
1814, 1813
1813, 1812
1812, 1811
1817, 1818
1818, 1819
1817, 1819
1819, 1818
1819, 1817
1818, 1817
1820, 1821
1821, 1822
1820, 1822
1822, 1821
1822, 1820
1821, 1820
1823, 1824
1824, 1825
1823, 1825
1825, 1824
1825, 1823
1824, 1823
1826, 1827
1827, 1828
1826, 1828
1828, 1827
1828, 1826
1827, 1826
1829, 1830
1830, 1831
1829, 1831
1831, 1830
1831, 1829
1830, 1829
1832, 1833
1833, 1834
1832, 1834
1834, 1833
1834, 1832
1833, 1832
1835, 1836
1836, 1837
1837, 1838
1838, 1839
1839, 1840
1840, 1841
1841, 1842
1835, 1842
1842, 1835
1842, 1841
1841, 1840
1840, 1839
1839, 1838
1838, 1837
1837, 1836
1836, 1835
1843, 1844
1844, 1845
1843, 1845
1845, 1844
1845, 1843
1844, 1843
1846, 1847
1847, 1848
1846, 1848
1848, 1847
1848, 1846
1847, 1846
1849, 1850
1850, 1851
1849, 1851
1851, 1850
1851, 1849
1850, 1849
1852, 1853
1853, 1854
1852, 1854
1854, 1853
1854, 1852
1853, 1852
1855, 1856
1856, 1857
1857, 1858
1858, 1859
1855, 1859
1859, 1855
1859, 1858
1858, 1857
1857, 1856
1856, 1855
1860, 1861
1861, 1862
1862, 1863
1863, 1864
1860, 1864
1864, 1860
1864, 1863
1863, 1862
1862, 1861
1861, 1860
1865, 1866
1866, 1867
1867, 1868
1868, 1869
1865, 1869
1869, 1865
1869, 1868
1868, 1867
1867, 1866
1866, 1865
1870, 1871
1871, 1872
1872, 1873
1873, 1874
1870, 1874
1874, 1870
1874, 1873
1873, 1872
1872, 1871
1871, 1870
1875, 1876
1876, 1877
1875, 1877
1877, 1876
1877, 1875
1876, 1875
1878, 1879
1879, 1880
1880, 1881
1881, 1882
1878, 1882
1882, 1878
1882, 1881
1881, 1880
1880, 1879
1879, 1878
1883, 1884
1884, 1885
1885, 1886
1886, 1887
1887, 1888
1888, 1889
1883, 1889
1889, 1883
1889, 1888
1888, 1887
1887, 1886
1886, 1885
1885, 1884
1884, 1883
1890, 1891
1891, 1892
1890, 1892
1892, 1891
1892, 1890
1891, 1890
1893, 1894
1894, 1895
1893, 1895
1895, 1894
1895, 1893
1894, 1893
1896, 1897
1897, 1898
1896, 1898
1898, 1897
1898, 1896
1897, 1896
1899, 1900
1900, 1901
1899, 1901
1901, 1900
1901, 1899
1900, 1899
1902, 1903
1903, 1904
1902, 1904
1904, 1903
1904, 1902
1903, 1902
1905, 1906
1906, 1907
1905, 1907
1907, 1906
1907, 1905
1906, 1905
1908, 1909
1909, 1910
1908, 1910
1910, 1909
1910, 1908
1909, 1908
1911, 1912
1912, 1913
1913, 1914
1914, 1915
1915, 1916
1911, 1916
1916, 1911
1916, 1915
1915, 1914
1914, 1913
1913, 1912
1912, 1911
1917, 1918
1918, 1919
1917, 1919
1919, 1918
1919, 1917
1918, 1917
1920, 1921
1921, 1922
1920, 1922
1922, 1921
1922, 1920
1921, 1920
1923, 1924
1924, 1925
1923, 1925
1925, 1924
1925, 1923
1924, 1923
1926, 1927
1927, 1928
1926, 1928
1928, 1927
1928, 1926
1927, 1926
1929, 1930
1930, 1931
1931, 1932
1932, 1933
1929, 1933
1933, 1929
1933, 1932
1932, 1931
1931, 1930
1930, 1929
1934, 1935
1935, 1936
1936, 1937
1937, 1938
1934, 1938
1938, 1934
1938, 1937
1937, 1936
1936, 1935
1935, 1934
1939, 1940
1940, 1941
1939, 1941
1941, 1940
1941, 1939
1940, 1939
1942, 1943
1943, 1944
1942, 1944
1944, 1943
1944, 1942
1943, 1942
1945, 1946
1946, 1947
1947, 1948
1948, 1949
1949, 1950
1950, 1951
1945, 1951
1951, 1945
1951, 1950
1950, 1949
1949, 1948
1948, 1947
1947, 1946
1946, 1945
1952, 1953
1953, 1954
1954, 1955
1955, 1956
1956, 1957
1957, 1958
1952, 1958
1958, 1952
1958, 1957
1957, 1956
1956, 1955
1955, 1954
1954, 1953
1953, 1952
1959, 1960
1960, 1961
1961, 1962
1962, 1963
1963, 1964
1964, 1965
1959, 1965
1965, 1959
1965, 1964
1964, 1963
1963, 1962
1962, 1961
1961, 1960
1960, 1959
1966, 1967
1967, 1968
1966, 1968
1968, 1967
1968, 1966
1967, 1966
1969, 1970
1970, 1971
1969, 1971
1971, 1970
1971, 1969
1970, 1969
1972, 1973
1973, 1974
1972, 1974
1974, 1973
1974, 1972
1973, 1972
1975, 1976
1976, 1977
1975, 1977
1977, 1976
1977, 1975
1976, 1975
1978, 1979
1979, 1980
1978, 1980
1980, 1979
1980, 1978
1979, 1978
1981, 1982
1982, 1983
1981, 1983
1983, 1982
1983, 1981
1982, 1981
1984, 1985
1985, 1986
1984, 1986
1986, 1985
1986, 1984
1985, 1984
1987, 1988
1988, 1989
1987, 1989
1989, 1988
1989, 1987
1988, 1987
1990, 1991
1991, 1992
1990, 1992
1992, 1991
1992, 1990
1991, 1990