1, 2
2, 3
1, 3
3, 1
3, 2
2, 1
4, 5
5, 6
4, 6
6, 4
6, 5
5, 4
7, 8
8, 9
7, 9
9, 7
9, 8
8, 7
10, 11
11, 12
10, 12
12, 10
12, 11
11, 10
13, 14
14, 15
13, 15
15, 13
15, 14
14, 13
16, 17
17, 18
16, 18
18, 16
18, 17
17, 16
19, 20
20, 21
19, 21
21, 19
21, 20
20, 19
22, 23
23, 24
22, 24
24, 22
24, 23
23, 22
25, 26
26, 27
25, 27
27, 25
27, 26
26, 25
28, 29
29, 30
28, 30
30, 28
30, 29
29, 28
31, 32
32, 33
31, 33
33, 31
33, 32
32, 31
34, 35
35, 36
34, 36
36, 34
36, 35
35, 34
37, 38
38, 39
37, 39
39, 37
39, 38
38, 37
40, 41
41, 42
40, 42
42, 40
42, 41
41, 40
43, 44
44, 45
43, 45
45, 43
45, 44
44, 43
46, 47
47, 48
46, 48
48, 46
48, 47
47, 46
49, 50
50, 51
49, 51
51, 49
51, 50
50, 49
52, 53
53, 54
52, 54
54, 52
54, 53
53, 52
55, 56
56, 57
55, 57
57, 55
57, 56
56, 55
58, 59
59, 60
58, 60
60, 58
60, 59
59, 58
61, 62
62, 63
61, 63
63, 61
63, 62
62, 61
64, 65
65, 66
64, 66
66, 64
66, 65
65, 64
67, 68
68, 69
67, 69
69, 67
69, 68
68, 67
70, 71
71, 72
70, 72
72, 70
72, 71
71, 70
73, 74
74, 75
73, 75
75, 73
75, 74
74, 73
76, 77
77, 78
76, 78
78, 76
78, 77
77, 76
79, 80
80, 81
79, 81
81, 79
81, 80
80, 79
82, 83
83, 84
82, 84
84, 82
84, 83
83, 82
85, 86
86, 87
85, 87
87, 85
87, 86
86, 85
88, 89
89, 90
88, 90
90, 88
90, 89
89, 88
91, 92
92, 93
91, 93
93, 91
93, 92
92, 91
94, 95
95, 96
94, 96
96, 94
96, 95
95, 94
97, 98
98, 99
97, 99
99, 97
99, 98
98, 97
100, 101
101, 102
100, 102
102, 100
102, 101
101, 100
103, 104
104, 105
103, 105
105, 103
105, 104
104, 103
106, 107
107, 108
106, 108
108, 106
108, 107
107, 106
109, 110
110, 111
109, 111
111, 109
111, 110
110, 109
112, 113
113, 114
112, 114
114, 112
114, 113
113, 112
115, 116
116, 117
115, 117
117, 115
117, 116
116, 115
118, 119
119, 120
118, 120
120, 118
120, 119
119, 118
121, 122
122, 123
121, 123
123, 121
123, 122
122, 121
124, 125
125, 126
124, 126
126, 124
126, 125
125, 124
127, 128
128, 129
127, 129
129, 127
129, 128
128, 127
130, 131
131, 132
130, 132
132, 130
132, 131
131, 130
133, 134
134, 135
133, 135
135, 133
135, 134
134, 133
136, 137
137, 138
136, 138
138, 136
138, 137
137, 136
139, 140
140, 141
139, 141
141, 139
141, 140
140, 139
142, 143
143, 144
142, 144
144, 142
144, 143
143, 142
145, 146
146, 147
145, 147
147, 145
147, 146
146, 145
148, 149
149, 150
148, 150
150, 148
150, 149
149, 148
151, 152
152, 153
151, 153
153, 151
153, 152
152, 151
154, 155
155, 156
154, 156
156, 154
156, 155
155, 154
157, 158
158, 159
157, 159
159, 157
159, 158
158, 157
160, 161
161, 162
160, 162
162, 160
162, 161
161, 160
163, 164
164, 165
163, 165
165, 163
165, 164
164, 163
166, 167
167, 168
166, 168
168, 166
168, 167
167, 166
169, 170
170, 171
169, 171
171, 169
171, 170
170, 169
172, 173
173, 174
172, 174
174, 172
174, 173
173, 172
175, 176
176, 177
175, 177
177, 175
177, 176
176, 175
178, 179
179, 180
178, 180
180, 178
180, 179
179, 178
181, 182
182, 183
181, 183
183, 181
183, 182
182, 181
184, 185
185, 186
184, 186
186, 184
186, 185
185, 184
187, 188
188, 189
187, 189
189, 187
189, 188
188, 187
190, 191
191, 192
190, 192
192, 190
192, 191
191, 190
193, 194
194, 195
193, 195
195, 193
195, 194
194, 193
196, 197
197, 198
196, 198
198, 196
198, 197
197, 196
199, 200
200, 201
199, 201
201, 199
201, 200
200, 199
202, 203
203, 204
202, 204
204, 202
204, 203
203, 202
205, 206
206, 207
205, 207
207, 205
207, 206
206, 205
208, 209
209, 210
208, 210
210, 208
210, 209
209, 208
211, 212
212, 213
211, 213
213, 211
213, 212
212, 211
214, 215
215, 216
214, 216
216, 214
216, 215
215, 214
217, 218
218, 219
217, 219
219, 217
219, 218
218, 217
220, 221
221, 222
220, 222
222, 220
222, 221
221, 220
223, 224
224, 225
223, 225
225, 223
225, 224
224, 223
226, 227
227, 228
226, 228
228, 226
228, 227
227, 226
229, 230
230, 231
229, 231
231, 229
231, 230
230, 229
232, 233
233, 234
232, 234
234, 232
234, 233
233, 232
235, 236
236, 237
235, 237
237, 235
237, 236
236, 235
238, 239
239, 240
238, 240
240, 238
240, 239
239, 238
241, 242
242, 243
241, 243
243, 241
243, 242
242, 241
244, 245
245, 246
244, 246
246, 244
246, 245
245, 244
247, 248
248, 249
247, 249
249, 247
249, 248
248, 247
250, 251
251, 252
250, 252
252, 250
252, 251
251, 250
253, 254
254, 255
253, 255
255, 253
255, 254
254, 253
256, 257
257, 258
256, 258
258, 256
258, 257
257, 256
259, 260
260, 261
259, 261
261, 259
261, 260
260, 259
262, 263
263, 264
262, 264
264, 262
264, 263
263, 262
265, 266
266, 267
265, 267
267, 265
267, 266
266, 265
268, 269
269, 270
268, 270
270, 268
270, 269
269, 268
271, 272
272, 273
271, 273
273, 271
273, 272
272, 271
274, 275
275, 276
274, 276
276, 274
276, 275
275, 274
277, 278
278, 279
277, 279
279, 277
279, 278
278, 277
280, 281
281, 282
280, 282
282, 280
282, 281
281, 280
283, 284
284, 285
283, 285
285, 283
285, 284
284, 283
286, 287
287, 288
286, 288
288, 286
288, 287
287, 286
289, 290
290, 291
289, 291
291, 289
291, 290
290, 289
292, 293
293, 294
292, 294
294, 292
294, 293
293, 292
295, 296
296, 297
295, 297
297, 295
297, 296
296, 295
298, 299
299, 300
298, 300
300, 298
300, 299
299, 298
301, 302
302, 303
301, 303
303, 301
303, 302
302, 301
304, 305
305, 306
304, 306
306, 304
306, 305
305, 304
307, 308
308, 309
307, 309
309, 307
309, 308
308, 307
310, 311
311, 312
310, 312
312, 310
312, 311
311, 310
313, 314
314, 315
313, 315
315, 313
315, 314
314, 313
316, 317
317, 318
316, 318
318, 316
318, 317
317, 316
319, 320
320, 321
319, 321
321, 319
321, 320
320, 319
322, 323
323, 324
322, 324
324, 322
324, 323
323, 322
325, 326
326, 327
325, 327
327, 325
327, 326
326, 325
328, 329
329, 330
328, 330
330, 328
330, 329
329, 328
331, 332
332, 333
331, 333
333, 331
333, 332
332, 331
334, 335
335, 336
334, 336
336, 334
336, 335
335, 334
337, 338
338, 339
337, 339
339, 337
339, 338
338, 337
340, 341
341, 342
340, 342
342, 340
342, 341
341, 340
343, 344
344, 345
343, 345
345, 343
345, 344
344, 343
346, 347
347, 348
346, 348
348, 346
348, 347
347, 346
349, 350
350, 351
349, 351
351, 349
351, 350
350, 349
352, 353
353, 354
352, 354
354, 352
354, 353
353, 352
355, 356
356, 357
355, 357
357, 355
357, 356
356, 355
358, 359
359, 360
358, 360
360, 358
360, 359
359, 358
361, 362
362, 363
361, 363
363, 361
363, 362
362, 361
364, 365
365, 366
364, 366
366, 364
366, 365
365, 364
367, 368
368, 369
367, 369
369, 367
369, 368
368, 367
370, 371
371, 372
370, 372
372, 370
372, 371
371, 370
373, 374
374, 375
373, 375
375, 373
375, 374
374, 373
376, 377
377, 378
376, 378
378, 376
378, 377
377, 376
379, 380
380, 381
379, 381
381, 379
381, 380
380, 379
382, 383
383, 384
382, 384
384, 382
384, 383
383, 382
385, 386
386, 387
385, 387
387, 385
387, 386
386, 385
388, 389
389, 390
388, 390
390, 388
390, 389
389, 388
391, 392
392, 393
391, 393
393, 391
393, 392
392, 391
394, 395
395, 396
394, 396
396, 394
396, 395
395, 394
397, 398
398, 399
397, 399
399, 397
399, 398
398, 397
400, 401
401, 402
400, 402
402, 400
402, 401
401, 400
403, 404
404, 405
403, 405
405, 403
405, 404
404, 403
406, 407
407, 408
406, 408
408, 406
408, 407
407, 406
409, 410
410, 411
409, 411
411, 409
411, 410
410, 409
412, 413
413, 414
412, 414
414, 412
414, 413
413, 412
415, 416
416, 417
415, 417
417, 415
417, 416
416, 415
418, 419
419, 420
418, 420
420, 418
420, 419
419, 418
421, 422
422, 423
421, 423
423, 421
423, 422
422, 421
424, 425
425, 426
424, 426
426, 424
426, 425
425, 424
427, 428
428, 429
427, 429
429, 427
429, 428
428, 427
430, 431
431, 432
430, 432
432, 430
432, 431
431, 430
433, 434
434, 435
433, 435
435, 433
435, 434
434, 433
436, 437
437, 438
436, 438
438, 436
438, 437
437, 436
439, 440
440, 441
439, 441
441, 439
441, 440
440, 439
442, 443
443, 444
442, 444
444, 442
444, 443
443, 442
445, 446
446, 447
445, 447
447, 445
447, 446
446, 445
448, 449
449, 450
448, 450
450, 448
450, 449
449, 448
451, 452
452, 453
451, 453
453, 451
453, 452
452, 451
454, 455
455, 456
454, 456
456, 454
456, 455
455, 454
457, 458
458, 459
457, 459
459, 457
459, 458
458, 457
460, 461
461, 462
460, 462
462, 460
462, 461
461, 460
463, 464
464, 465
463, 465
465, 463
465, 464
464, 463
466, 467
467, 468
466, 468
468, 466
468, 467
467, 466
469, 470
470, 471
469, 471
471, 469
471, 470
470, 469
472, 473
473, 474
472, 474
474, 472
474, 473
473, 472
475, 476
476, 477
475, 477
477, 475
477, 476
476, 475
478, 479
479, 480
478, 480
480, 478
480, 479
479, 478
481, 482
482, 483
481, 483
483, 481
483, 482
482, 481
484, 485
485, 486
484, 486
486, 484
486, 485
485, 484
487, 488
488, 489
487, 489
489, 487
489, 488
488, 487
490, 491
491, 492
490, 492
492, 490
492, 491
491, 490
493, 494
494, 495
493, 495
495, 493
495, 494
494, 493
496, 497
497, 498
496, 498
498, 496
498, 497
497, 496
499, 500
500, 501
499, 501
501, 499
501, 500
500, 499
502, 503
503, 504
502, 504
504, 502
504, 503
503, 502
505, 506
506, 507
505, 507
507, 505
507, 506
506, 505
508, 509
509, 510
508, 510
510, 508
510, 509
509, 508
511, 512
512, 513
511, 513
513, 511
513, 512
512, 511
514, 515
515, 516
514, 516
516, 514
516, 515
515, 514
517, 518
518, 519
517, 519
519, 517
519, 518
518, 517
520, 521
521, 522
520, 522
522, 520
522, 521
521, 520
523, 524
524, 525
523, 525
525, 523
525, 524
524, 523
526, 527
527, 528
526, 528
528, 526
528, 527
527, 526
529, 530
530, 531
529, 531
531, 529
531, 530
530, 529
532, 533
533, 534
532, 534
534, 532
534, 533
533, 532
535, 536
536, 537
535, 537
537, 535
537, 536
536, 535
538, 539
539, 540
538, 540
540, 538
540, 539
539, 538
541, 542
542, 543
541, 543
543, 541
543, 542
542, 541
544, 545
545, 546
544, 546
546, 544
546, 545
545, 544
547, 548
548, 549
547, 549
549, 547
549, 548
548, 547
550, 551
551, 552
550, 552
552, 550
552, 551
551, 550
553, 554
554, 555
553, 555
555, 553
555, 554
554, 553
556, 557
557, 558
556, 558
558, 556
558, 557
557, 556
559, 560
560, 561
559, 561
561, 559
561, 560
560, 559
562, 563
563, 564
562, 564
564, 562
564, 563
563, 562
565, 566
566, 567
565, 567
567, 565
567, 566
566, 565
568, 569
569, 570
568, 570
570, 568
570, 569
569, 568
571, 572
572, 573
571, 573
573, 571
573, 572
572, 571
574, 575
575, 576
574, 576
576, 574
576, 575
575, 574
577, 578
578, 579
577, 579
579, 577
579, 578
578, 577
580, 581
581, 582
580, 582
582, 580
582, 581
581, 580
583, 584
584, 585
583, 585
585, 583
585, 584
584, 583
586, 587
587, 588
586, 588
588, 586
588, 587
587, 586
589, 590
590, 591
589, 591
591, 589
591, 590
590, 589
592, 593
593, 594
592, 594
594, 592
594, 593
593, 592
595, 596
596, 597
595, 597
597, 595
597, 596
596, 595
598, 599
599, 600
598, 600
600, 598
600, 599
599, 598
601, 602
602, 603
601, 603
603, 601
603, 602
602, 601
604, 605
605, 606
604, 606
606, 604
606, 605
605, 604
607, 608
608, 609
607, 609
609, 607
609, 608
608, 607
610, 611
611, 612
610, 612
612, 610
612, 611
611, 610
613, 614
614, 615
613, 615
615, 613
615, 614
614, 613
616, 617
617, 618
616, 618
618, 616
618, 617
617, 616
619, 620
620, 621
619, 621
621, 619
621, 620
620, 619
622, 623
623, 624
622, 624
624, 622
624, 623
623, 622
625, 626
626, 627
625, 627
627, 625
627, 626
626, 625
628, 629
629, 630
628, 630
630, 628
630, 629
629, 628
631, 632
632, 633
631, 633
633, 631
633, 632
632, 631
634, 635
635, 636
634, 636
636, 634
636, 635
635, 634
637, 638
638, 639
637, 639
639, 637
639, 638
638, 637
640, 641
641, 642
640, 642
642, 640
642, 641
641, 640
643, 644
644, 645
643, 645
645, 643
645, 644
644, 643
646, 647
647, 648
646, 648
648, 646
648, 647
647, 646
649, 650
650, 651
649, 651
651, 649
651, 650
650, 649
652, 653
653, 654
652, 654
654, 652
654, 653
653, 652
655, 656
656, 657
655, 657
657, 655
657, 656
656, 655
658, 659
659, 660
658, 660
660, 658
660, 659
659, 658
661, 662
662, 663
661, 663
663, 661
663, 662
662, 661
664, 665
665, 666
664, 666
666, 664
666, 665
665, 664
667, 668
668, 669
667, 669
669, 667
669, 668
668, 667
670, 671
671, 672
670, 672
672, 670
672, 671
671, 670
673, 674
674, 675
673, 675
675, 673
675, 674
674, 673
676, 677
677, 678
676, 678
678, 676
678, 677
677, 676
679, 680
680, 681
679, 681
681, 679
681, 680
680, 679
682, 683
683, 684
682, 684
684, 682
684, 683
683, 682
685, 686
686, 687
685, 687
687, 685
687, 686
686, 685
688, 689
689, 690
688, 690
690, 688
690, 689
689, 688
691, 692
692, 693
691, 693
693, 691
693, 692
692, 691
694, 695
695, 696
694, 696
696, 694
696, 695
695, 694
697, 698
698, 699
697, 699
699, 697
699, 698
698, 697
700, 701
701, 702
700, 702
702, 700
702, 701
701, 700
703, 704
704, 705
703, 705
705, 703
705, 704
704, 703
706, 707
707, 708
706, 708
708, 706
708, 707
707, 706
709, 710
710, 711
709, 711
711, 709
711, 710
710, 709
712, 713
713, 714
712, 714
714, 712
714, 713
713, 712
715, 716
716, 717
715, 717
717, 715
717, 716
716, 715
718, 719
719, 720
718, 720
720, 718
720, 719
719, 718
721, 722
722, 723
721, 723
723, 721
723, 722
722, 721
724, 725
725, 726
724, 726
726, 724
726, 725
725, 724
727, 728
728, 729
727, 729
729, 727
729, 728
728, 727
730, 731
731, 732
730, 732
732, 730
732, 731
731, 730
733, 734
734, 735
733, 735
735, 733
735, 734
734, 733
736, 737
737, 738
736, 738
738, 736
738, 737
737, 736
739, 740
740, 741
739, 741
741, 739
741, 740
740, 739
742, 743
743, 744
742, 744
744, 742
744, 743
743, 742
745, 746
746, 747
745, 747
747, 745
747, 746
746, 745
748, 749
749, 750
748, 750
750, 748
750, 749
749, 748
751, 752
752, 753
751, 753
753, 751
753, 752
752, 751
754, 755
755, 756
754, 756
756, 754
756, 755
755, 754
757, 758
758, 759
757, 759
759, 757
759, 758
758, 757
760, 761
761, 762
760, 762
762, 760
762, 761
761, 760
763, 764
764, 765
763, 765
765, 763
765, 764
764, 763
766, 767
767, 768
766, 768
768, 766
768, 767
767, 766
769, 770
770, 771
769, 771
771, 769
771, 770
770, 769
772, 773
773, 774
772, 774
774, 772
774, 773
773, 772
775, 776
776, 777
775, 777
777, 775
777, 776
776, 775
778, 779
779, 780
778, 780
780, 778
780, 779
779, 778
781, 782
782, 783
781, 783
783, 781
783, 782
782, 781
784, 785
785, 786
784, 786
786, 784
786, 785
785, 784
787, 788
788, 789
787, 789
789, 787
789, 788
788, 787
790, 791
791, 792
790, 792
792, 790
792, 791
791, 790
793, 794
794, 795
793, 795
795, 793
795, 794
794, 793
796, 797
797, 798
796, 798
798, 796
798, 797
797, 796
799, 800
800, 801
799, 801
801, 799
801, 800
800, 799
802, 803
803, 804
802, 804
804, 802
804, 803
803, 802
805, 806
806, 807
805, 807
807, 805
807, 806
806, 805
808, 809
809, 810
808, 810
810, 808
810, 809
809, 808
811, 812
812, 813
811, 813
813, 811
813, 812
812, 811
814, 815
815, 816
814, 816
816, 814
816, 815
815, 814
817, 818
818, 819
817, 819
819, 817
819, 818
818, 817
820, 821
821, 822
820, 822
822, 820
822, 821
821, 820
823, 824
824, 825
823, 825
825, 823
825, 824
824, 823
826, 827
827, 828
826, 828
828, 826
828, 827
827, 826
829, 830
830, 831
829, 831
831, 829
831, 830
830, 829
832, 833
833, 834
832, 834
834, 832
834, 833
833, 832
835, 836
836, 837
835, 837
837, 835
837, 836
836, 835
838, 839
839, 840
838, 840
840, 838
840, 839
839, 838
841, 842
842, 843
841, 843
843, 841
843, 842
842, 841
844, 845
845, 846
844, 846
846, 844
846, 845
845, 844
847, 848
848, 849
847, 849
849, 847
849, 848
848, 847
850, 851
851, 852
850, 852
852, 850
852, 851
851, 850
853, 854
854, 855
853, 855
855, 853
855, 854
854, 853
856, 857
857, 858
856, 858
858, 856
858, 857
857, 856
859, 860
860, 861
859, 861
861, 859
861, 860
860, 859
862, 863
863, 864
862, 864
864, 862
864, 863
863, 862
865, 866
866, 867
865, 867
867, 865
867, 866
866, 865
868, 869
869, 870
868, 870
870, 868
870, 869
869, 868
871, 872
872, 873
871, 873
873, 871
873, 872
872, 871
874, 875
875, 876
874, 876
876, 874
876, 875
875, 874
877, 878
878, 879
877, 879
879, 877
879, 878
878, 877
880, 881
881, 882
880, 882
882, 880
882, 881
881, 880
883, 884
884, 885
883, 885
885, 883
885, 884
884, 883
886, 887
887, 888
886, 888
888, 886
888, 887
887, 886
889, 890
890, 891
889, 891
891, 889
891, 890
890, 889
892, 893
893, 894
892, 894
894, 892
894, 893
893, 892
895, 896
896, 897
895, 897
897, 895
897, 896
896, 895
898, 899
899, 900
898, 900
900, 898
900, 899
899, 898
901, 902
902, 903
901, 903
903, 901
903, 902
902, 901
904, 905
905, 906
904, 906
906, 904
906, 905
905, 904
907, 908
908, 909
907, 909
909, 907
909, 908
908, 907
910, 911
911, 912
910, 912
912, 910
912, 911
911, 910
913, 914
914, 915
913, 915
915, 913
915, 914
914, 913
916, 917
917, 918
916, 918
918, 916
918, 917
917, 916
919, 920
920, 921
919, 921
921, 919
921, 920
920, 919
922, 923
923, 924
922, 924
924, 922
924, 923
923, 922
925, 926
926, 927
925, 927
927, 925
927, 926
926, 925
928, 929
929, 930
928, 930
930, 928
930, 929
929, 928
931, 932
932, 933
931, 933
933, 931
933, 932
932, 931
934, 935
935, 936
934, 936
936, 934
936, 935
935, 934
937, 938
938, 939
937, 939
939, 937
939, 938
938, 937
940, 941
941, 942
940, 942
942, 940
942, 941
941, 940
943, 944
944, 945
943, 945
945, 943
945, 944
944, 943
946, 947
947, 948
946, 948
948, 946
948, 947
947, 946
949, 950
950, 951
949, 951
951, 949
951, 950
950, 949
952, 953
953, 954
952, 954
954, 952
954, 953
953, 952
955, 956
956, 957
955, 957
957, 955
957, 956
956, 955
958, 959
959, 960
958, 960
960, 958
960, 959
959, 958
961, 962
962, 963
961, 963
963, 961
963, 962
962, 961
964, 965
965, 966
964, 966
966, 964
966, 965
965, 964
967, 968
968, 969
967, 969
969, 967
969, 968
968, 967
970, 971
971, 972
970, 972
972, 970
972, 971
971, 970
973, 974
974, 975
973, 975
975, 973
975, 974
974, 973
976, 977
977, 978
976, 978
978, 976
978, 977
977, 976
979, 980
980, 981
979, 981
981, 979
981, 980
980, 979
982, 983
983, 984
982, 984
984, 982
984, 983
983, 982
985, 986
986, 987
985, 987
987, 985
987, 986
986, 985
988, 989
989, 990
988, 990
990, 988
990, 989
989, 988
991, 992
992, 993
991, 993
993, 991
993, 992
992, 991
994, 995
995, 996
994, 996
996, 994
996, 995
995, 994
997, 998
998, 999
997, 999
999, 997
999, 998
998, 997
1000, 1001
1001, 1002
1000, 1002
1002, 1000
1002, 1001
1001, 1000
1003, 1004
1004, 1005
1003, 1005
1005, 1003
1005, 1004
1004, 1003
1006, 1007
1007, 1008
1006, 1008
1008, 1006
1008, 1007
1007, 1006
1009, 1010
1010, 1011
1009, 1011
1011, 1009
1011, 1010
1010, 1009
1012, 1013
1013, 1014
1012, 1014
1014, 1012
1014, 1013
1013, 1012
1015, 1016
1016, 1017
1015, 1017
1017, 1015
1017, 1016
1016, 1015
1018, 1019
1019, 1020
1018, 1020
1020, 1018
1020, 1019
1019, 1018
1021, 1022
1022, 1023
1021, 1023
1023, 1021
1023, 1022
1022, 1021
1024, 1025
1025, 1026
1024, 1026
1026, 1024
1026, 1025
1025, 1024
1027, 1028
1028, 1029
1027, 1029
1029, 1027
1029, 1028
1028, 1027
1030, 1031
1031, 1032
1030, 1032
1032, 1030
1032, 1031
1031, 1030
1033, 1034
1034, 1035
1033, 1035
1035, 1033
1035, 1034
1034, 1033
1036, 1037
1037, 1038
1036, 1038
1038, 1036
1038, 1037
1037, 1036
1039, 1040
1040, 1041
1039, 1041
1041, 1039
1041, 1040
1040, 1039
1042, 1043
1043, 1044
1042, 1044
1044, 1042
1044, 1043
1043, 1042
1045, 1046
1046, 1047
1045, 1047
1047, 1045
1047, 1046
1046, 1045
1048, 1049
1049, 1050
1048, 1050
1050, 1048
1050, 1049
1049, 1048
1051, 1052
1052, 1053
1051, 1053
1053, 1051
1053, 1052
1052, 1051
1054, 1055
1055, 1056
1054, 1056
1056, 1054
1056, 1055
1055, 1054
1057, 1058
1058, 1059
1057, 1059
1059, 1057
1059, 1058
1058, 1057
1060, 1061
1061, 1062
1060, 1062
1062, 1060
1062, 1061
1061, 1060
1063, 1064
1064, 1065
1063, 1065
1065, 1063
1065, 1064
1064, 1063
1066, 1067
1067, 1068
1066, 1068
1068, 1066
1068, 1067
1067, 1066
1069, 1070
1070, 1071
1069, 1071
1071, 1069
1071, 1070
1070, 1069
1072, 1073
1073, 1074
1072, 1074
1074, 1072
1074, 1073
1073, 1072
1075, 1076
1076, 1077
1075, 1077
1077, 1075
1077, 1076
1076, 1075
1078, 1079
1079, 1080
1078, 1080
1080, 1078
1080, 1079
1079, 1078
1081, 1082
1082, 1083
1081, 1083
1083, 1081
1083, 1082
1082, 1081
1084, 1085
1085, 1086
1084, 1086
1086, 1084
1086, 1085
1085, 1084
1087, 1088
1088, 1089
1087, 1089
1089, 1087
1089, 1088
1088, 1087
1090, 1091
1091, 1092
1090, 1092
1092, 1090
1092, 1091
1091, 1090
1093, 1094
1094, 1095
1093, 1095
1095, 1093
1095, 1094
1094, 1093
1096, 1097
1097, 1098
1096, 1098
1098, 1096
1098, 1097
1097, 1096
1099, 1100
1100, 1101
1099, 1101
1101, 1099
1101, 1100
1100, 1099
1102, 1103
1103, 1104
1102, 1104
1104, 1102
1104, 1103
1103, 1102
1105, 1106
1106, 1107
1105, 1107
1107, 1105
1107, 1106
1106, 1105
1108, 1109
1109, 1110
1108, 1110
1110, 1108
1110, 1109
1109, 1108
1111, 1112
1112, 1113
1111, 1113
1113, 1111
1113, 1112
1112, 1111
1114, 1115
1115, 1116
1114, 1116
1116, 1114
1116, 1115
1115, 1114
1117, 1118
1118, 1119
1117, 1119
1119, 1117
1119, 1118
1118, 1117
1120, 1121
1121, 1122
1120, 1122
1122, 1120
1122, 1121
1121, 1120
1123, 1124
1124, 1125
1123, 1125
1125, 1123
1125, 1124
1124, 1123
1126, 1127
1127, 1128
1126, 1128
1128, 1126
1128, 1127
1127, 1126
1129, 1130
1130, 1131
1129, 1131
1131, 1129
1131, 1130
1130, 1129
1132, 1133
1133, 1134
1132, 1134
1134, 1132
1134, 1133
1133, 1132
1135, 1136
1136, 1137
1135, 1137
1137, 1135
1137, 1136
1136, 1135
1138, 1139
1139, 1140
1138, 1140
1140, 1138
1140, 1139
1139, 1138
1141, 1142
1142, 1143
1141, 1143
1143, 1141
1143, 1142
1142, 1141
1144, 1145
1145, 1146
1144, 1146
1146, 1144
1146, 1145
1145, 1144
1147, 1148
1148, 1149
1147, 1149
1149, 1147
1149, 1148
1148, 1147
1150, 1151
1151, 1152
1150, 1152
1152, 1150
1152, 1151
1151, 1150
1153, 1154
1154, 1155
1153, 1155
1155, 1153
1155, 1154
1154, 1153
1156, 1157
1157, 1158
1156, 1158
1158, 1156
1158, 1157
1157, 1156
1159, 1160
1160, 1161
1159, 1161
1161, 1159
1161, 1160
1160, 1159
1162, 1163
1163, 1164
1162, 1164
1164, 1162
1164, 1163
1163, 1162
1165, 1166
1166, 1167
1165, 1167
1167, 1165
1167, 1166
1166, 1165
1168, 1169
1169, 1170
1168, 1170
1170, 1168
1170, 1169
1169, 1168
1171, 1172
1172, 1173
1171, 1173
1173, 1171
1173, 1172
1172, 1171
1174, 1175
1175, 1176
1174, 1176
1176, 1174
1176, 1175
1175, 1174
1177, 1178
1178, 1179
1177, 1179
1179, 1177
1179, 1178
1178, 1177
1180, 1181
1181, 1182
1180, 1182
1182, 1180
1182, 1181
1181, 1180
1183, 1184
1184, 1185
1183, 1185
1185, 1183
1185, 1184
1184, 1183
1186, 1187
1187, 1188
1186, 1188
1188, 1186
1188, 1187
1187, 1186
1189, 1190
1190, 1191
1189, 1191
1191, 1189
1191, 1190
1190, 1189
1192, 1193
1193, 1194
1192, 1194
1194, 1192
1194, 1193
1193, 1192
1195, 1196
1196, 1197
1195, 1197
1197, 1195
1197, 1196
1196, 1195
1198, 1199
1199, 1200
1198, 1200
1200, 1198
1200, 1199
1199, 1198
1201, 1202
1202, 1203
1201, 1203
1203, 1201
1203, 1202
1202, 1201
1204, 1205
1205, 1206
1204, 1206
1206, 1204
1206, 1205
1205, 1204
1207, 1208
1208, 1209
1207, 1209
1209, 1207
1209, 1208
1208, 1207
1210, 1211
1211, 1212
1210, 1212
1212, 1210
1212, 1211
1211, 1210
1213, 1214
1214, 1215
1213, 1215
1215, 1213
1215, 1214
1214, 1213
1216, 1217
1217, 1218
1216, 1218
1218, 1216
1218, 1217
1217, 1216
1219, 1220
1220, 1221
1219, 1221
1221, 1219
1221, 1220
1220, 1219
1222, 1223
1223, 1224
1222, 1224
1224, 1222
1224, 1223
1223, 1222
1225, 1226
1226, 1227
1225, 1227
1227, 1225
1227, 1226
1226, 1225
1228, 1229
1229, 1230
1228, 1230
1230, 1228
1230, 1229
1229, 1228
1231, 1232
1232, 1233
1231, 1233
1233, 1231
1233, 1232
1232, 1231
1234, 1235
1235, 1236
1234, 1236
1236, 1234
1236, 1235
1235, 1234
1237, 1238
1238, 1239
1237, 1239
1239, 1237
1239, 1238
1238, 1237
1240, 1241
1241, 1242
1240, 1242
1242, 1240
1242, 1241
1241, 1240
1243, 1244
1244, 1245
1243, 1245
1245, 1243
1245, 1244
1244, 1243
1246, 1247
1247, 1248
1246, 1248
1248, 1246
1248, 1247
1247, 1246
1249, 1250
1250, 1251
1249, 1251
1251, 1249
1251, 1250
1250, 1249
1252, 1253
1253, 1254
1252, 1254
1254, 1252
1254, 1253
1253, 1252
1255, 1256
1256, 1257
1255, 1257
1257, 1255
1257, 1256
1256, 1255
1258, 1259
1259, 1260
1258, 1260
1260, 1258
1260, 1259
1259, 1258
1261, 1262
1262, 1263
1261, 1263
1263, 1261
1263, 1262
1262, 1261
1264, 1265
1265, 1266
1264, 1266
1266, 1264
1266, 1265
1265, 1264
1267, 1268
1268, 1269
1267, 1269
1269, 1267
1269, 1268
1268, 1267
1270, 1271
1271, 1272
1270, 1272
1272, 1270
1272, 1271
1271, 1270
1273, 1274
1274, 1275
1273, 1275
1275, 1273
1275, 1274
1274, 1273
1276, 1277
1277, 1278
1276, 1278
1278, 1276
1278, 1277
1277, 1276
1279, 1280
1280, 1281
1279, 1281
1281, 1279
1281, 1280
1280, 1279
1282, 1283
1283, 1284
1282, 1284
1284, 1282
1284, 1283
1283, 1282
1285, 1286
1286, 1287
1285, 1287
1287, 1285
1287, 1286
1286, 1285
1288, 1289
1289, 1290
1288, 1290
1290, 1288
1290, 1289
1289, 1288
1291, 1292
1292, 1293
1291, 1293
1293, 1291
1293, 1292
1292, 1291
1294, 1295
1295, 1296
1294, 1296
1296, 1294
1296, 1295
1295, 1294
1297, 1298
1298, 1299
1297, 1299
1299, 1297
1299, 1298
1298, 1297
1300, 1301
1301, 1302
1300, 1302
1302, 1300
1302, 1301
1301, 1300
1303, 1304
1304, 1305
1303, 1305
1305, 1303
1305, 1304
1304, 1303
1306, 1307
1307, 1308
1306, 1308
1308, 1306
1308, 1307
1307, 1306
1309, 1310
1310, 1311
1309, 1311
1311, 1309
1311, 1310
1310, 1309
1312, 1313
1313, 1314
1312, 1314
1314, 1312
1314, 1313
1313, 1312
1315, 1316
1316, 1317
1315, 1317
1317, 1315
1317, 1316
1316, 1315
1318, 1319
1319, 1320
1318, 1320
1320, 1318
1320, 1319
1319, 1318
1321, 1322
1322, 1323
1321, 1323
1323, 1321
1323, 1322
1322, 1321
1324, 1325
1325, 1326
1324, 1326
1326, 1324
1326, 1325
1325, 1324
1327, 1328
1328, 1329
1327, 1329
1329, 1327
1329, 1328
1328, 1327
1330, 1331
1331, 1332
1330, 1332
1332, 1330
1332, 1331
1331, 1330
1333, 1334
1334, 1335
1333, 1335
1335, 1333
1335, 1334
1334, 1333
1336, 1337
1337, 1338
1336, 1338
1338, 1336
1338, 1337
1337, 1336
1339, 1340
1340, 1341
1339, 1341
1341, 1339
1341, 1340
1340, 1339
1342, 1343
1343, 1344
1342, 1344
1344, 1342
1344, 1343
1343, 1342
1345, 1346
1346, 1347
1345, 1347
1347, 1345
1347, 1346
1346, 1345
1348, 1349
1349, 1350
1348, 1350
1350, 1348
1350, 1349
1349, 1348
1351, 1352
1352, 1353
1351, 1353
1353, 1351
1353, 1352
1352, 1351
1354, 1355
1355, 1356
1354, 1356
1356, 1354
1356, 1355
1355, 1354
1357, 1358
1358, 1359
1357, 1359
1359, 1357
1359, 1358
1358, 1357
1360, 1361
1361, 1362
1360, 1362
1362, 1360
1362, 1361
1361, 1360
1363, 1364
1364, 1365
1363, 1365
1365, 1363
1365, 1364
1364, 1363
1366, 1367
1367, 1368
1366, 1368
1368, 1366
1368, 1367
1367, 1366
1369, 1370
1370, 1371
1369, 1371
1371, 1369
1371, 1370
1370, 1369
1372, 1373
1373, 1374
1372, 1374
1374, 1372
1374, 1373
1373, 1372
1375, 1376
1376, 1377
1375, 1377
1377, 1375
1377, 1376
1376, 1375
1378, 1379
1379, 1380
1378, 1380
1380, 1378
1380, 1379
1379, 1378
1381, 1382
1382, 1383
1381, 1383
1383, 1381
1383, 1382
1382, 1381
1384, 1385
1385, 1386
1384, 1386
1386, 1384
1386, 1385
1385, 1384
1387, 1388
1388, 1389
1387, 1389
1389, 1387
1389, 1388
1388, 1387
1390, 1391
1391, 1392
1390, 1392
1392, 1390
1392, 1391
1391, 1390
1393, 1394
1394, 1395
1393, 1395
1395, 1393
1395, 1394
1394, 1393
1396, 1397
1397, 1398
1396, 1398
1398, 1396
1398, 1397
1397, 1396
1399, 1400
1400, 1401
1399, 1401
1401, 1399
1401, 1400
1400, 1399
1402, 1403
1403, 1404
1402, 1404
1404, 1402
1404, 1403
1403, 1402
1405, 1406
1406, 1407
1405, 1407
1407, 1405
1407, 1406
1406, 1405
1408, 1409
1409, 1410
1408, 1410
1410, 1408
1410, 1409
1409, 1408
1411, 1412
1412, 1413
1411, 1413
1413, 1411
1413, 1412
1412, 1411
1414, 1415
1415, 1416
1414, 1416
1416, 1414
1416, 1415
1415, 1414
1417, 1418
1418, 1419
1417, 1419
1419, 1417
1419, 1418
1418, 1417
1420, 1421
1421, 1422
1420, 1422
1422, 1420
1422, 1421
1421, 1420
1423, 1424
1424, 1425
1423, 1425
1425, 1423
1425, 1424
1424, 1423
1426, 1427
1427, 1428
1426, 1428
1428, 1426
1428, 1427
1427, 1426
1429, 1430
1430, 1431
1429, 1431
1431, 1429
1431, 1430
1430, 1429
1432, 1433
1433, 1434
1432, 1434
1434, 1432
1434, 1433
1433, 1432
1435, 1436
1436, 1437
1435, 1437
1437, 1435
1437, 1436
1436, 1435
1438, 1439
1439, 1440
1438, 1440
1440, 1438
1440, 1439
1439, 1438
1441, 1442
1442, 1443
1441, 1443
1443, 1441
1443, 1442
1442, 1441
1444, 1445
1445, 1446
1444, 1446
1446, 1444
1446, 1445
1445, 1444
1447, 1448
1448, 1449
1447, 1449
1449, 1447
1449, 1448
1448, 1447
1450, 1451
1451, 1452
1450, 1452
1452, 1450
1452, 1451
1451, 1450
1453, 1454
1454, 1455
1453, 1455
1455, 1453
1455, 1454
1454, 1453
1456, 1457
1457, 1458
1456, 1458
1458, 1456
1458, 1457
1457, 1456
1459, 1460
1460, 1461
1459, 1461
1461, 1459
1461, 1460
1460, 1459
1462, 1463
1463, 1464
1462, 1464
1464, 1462
1464, 1463
1463, 1462
1465, 1466
1466, 1467
1465, 1467
1467, 1465
1467, 1466
1466, 1465
1468, 1469
1469, 1470
1468, 1470
1470, 1468
1470, 1469
1469, 1468
1471, 1472
1472, 1473
1471, 1473
1473, 1471
1473, 1472
1472, 1471
1474, 1475
1475, 1476
1474, 1476
1476, 1474
1476, 1475
1475, 1474
1477, 1478
1478, 1479
1477, 1479
1479, 1477
1479, 1478
1478, 1477
1480, 1481
1481, 1482
1480, 1482
1482, 1480
1482, 1481
1481, 1480
1483, 1484
1484, 1485
1483, 1485
1485, 1483
1485, 1484
1484, 1483
1486, 1487
1487, 1488
1486, 1488
1488, 1486
1488, 1487
1487, 1486
1489, 1490
1490, 1491
1489, 1491
1491, 1489
1491, 1490
1490, 1489
1492, 1493
1493, 1494
1492, 1494
1494, 1492
1494, 1493
1493, 1492
1495, 1496
1496, 1497
1495, 1497
1497, 1495
1497, 1496
1496, 1495
1498, 1499
1499, 1500
1498, 1500
1500, 1498
1500, 1499
1499, 1498
1501, 1502
1502, 1503
1501, 1503
1503, 1501
1503, 1502
1502, 1501
1504, 1505
1505, 1506
1504, 1506
1506, 1504
1506, 1505
1505, 1504
1507, 1508
1508, 1509
1507, 1509
1509, 1507
1509, 1508
1508, 1507
1510, 1511
1511, 1512
1510, 1512
1512, 1510
1512, 1511
1511, 1510
1513, 1514
1514, 1515
1513, 1515
1515, 1513
1515, 1514
1514, 1513
1516, 1517
1517, 1518
1516, 1518
1518, 1516
1518, 1517
1517, 1516
1519, 1520
1520, 1521
1519, 1521
1521, 1519
1521, 1520
1520, 1519
1522, 1523
1523, 1524
1522, 1524
1524, 1522
1524, 1523
1523, 1522
1525, 1526
1526, 1527
1525, 1527
1527, 1525
1527, 1526
1526, 1525
1528, 1529
1529, 1530
1528, 1530
1530, 1528
1530, 1529
1529, 1528
1531, 1532
1532, 1533
1531, 1533
1533, 1531
1533, 1532
1532, 1531
1534, 1535
1535, 1536
1534, 1536
1536, 1534
1536, 1535
1535, 1534
1537, 1538
1538, 1539
1537, 1539
1539, 1537
1539, 1538
1538, 1537
1540, 1541
1541, 1542
1540, 1542
1542, 1540
1542, 1541
1541, 1540
1543, 1544
1544, 1545
1543, 1545
1545, 1543
1545, 1544
1544, 1543
1546, 1547
1547, 1548
1546, 1548
1548, 1546
1548, 1547
1547, 1546
1549, 1550
1550, 1551
1549, 1551
1551, 1549
1551, 1550
1550, 1549
1552, 1553
1553, 1554
1552, 1554
1554, 1552
1554, 1553
1553, 1552
1555, 1556
1556, 1557
1555, 1557
1557, 1555
1557, 1556
1556, 1555
1558, 1559
1559, 1560
1558, 1560
1560, 1558
1560, 1559
1559, 1558
1561, 1562
1562, 1563
1561, 1563
1563, 1561
1563, 1562
1562, 1561
1564, 1565
1565, 1566
1564, 1566
1566, 1564
1566, 1565
1565, 1564
1567, 1568
1568, 1569
1567, 1569
1569, 1567
1569, 1568
1568, 1567
1570, 1571
1571, 1572
1570, 1572
1572, 1570
1572, 1571
1571, 1570
1573, 1574
1574, 1575
1573, 1575
1575, 1573
1575, 1574
1574, 1573
1576, 1577
1577, 1578
1576, 1578
1578, 1576
1578, 1577
1577, 1576
1579, 1580
1580, 1581
1579, 1581
1581, 1579
1581, 1580
1580, 1579
1582, 1583
1583, 1584
1582, 1584
1584, 1582
1584, 1583
1583, 1582
1585, 1586
1586, 1587
1585, 1587
1587, 1585
1587, 1586
1586, 1585
1588, 1589
1589, 1590
1588, 1590
1590, 1588
1590, 1589
1589, 1588
1591, 1592
1592, 1593
1591, 1593
1593, 1591
1593, 1592
1592, 1591
1594, 1595
1595, 1596
1594, 1596
1596, 1594
1596, 1595
1595, 1594
1597, 1598
1598, 1599
1597, 1599
1599, 1597
1599, 1598
1598, 1597
1600, 1601
1601, 1602
1600, 1602
1602, 1600
1602, 1601
1601, 1600
1603, 1604
1604, 1605
1603, 1605
1605, 1603
1605, 1604
1604, 1603
1606, 1607
1607, 1608
1606, 1608
1608, 1606
1608, 1607
1607, 1606
1609, 1610
1610, 1611
1609, 1611
1611, 1609
1611, 1610
1610, 1609
1612, 1613
1613, 1614
1612, 1614
1614, 1612
1614, 1613
1613, 1612
1615, 1616
1616, 1617
1615, 1617
1617, 1615
1617, 1616
1616, 1615
1618, 1619
1619, 1620
1618, 1620
1620, 1618
1620, 1619
1619, 1618
1621, 1622
1622, 1623
1621, 1623
1623, 1621
1623, 1622
1622, 1621
1624, 1625
1625, 1626
1624, 1626
1626, 1624
1626, 1625
1625, 1624
1627, 1628
1628, 1629
1627, 1629
1629, 1627
1629, 1628
1628, 1627
1630, 1631
1631, 1632
1630, 1632
1632, 1630
1632, 1631
1631, 1630
1633, 1634
1634, 1635
1633, 1635
1635, 1633
1635, 1634
1634, 1633
1636, 1637
1637, 1638
1636, 1638
1638, 1636
1638, 1637
1637, 1636
1639, 1640
1640, 1641
1639, 1641
1641, 1639
1641, 1640
1640, 1639
1642, 1643
1643, 1644
1642, 1644
1644, 1642
1644, 1643
1643, 1642
1645, 1646
1646, 1647
1645, 1647
1647, 1645
1647, 1646
1646, 1645
1648, 1649
1649, 1650
1648, 1650
1650, 1648
1650, 1649
1649, 1648
1651, 1652
1652, 1653
1651, 1653
1653, 1651
1653, 1652
1652, 1651
1654, 1655
1655, 1656
1654, 1656
1656, 1654
1656, 1655
1655, 1654
1657, 1658
1658, 1659
1657, 1659
1659, 1657
1659, 1658
1658, 1657
1660, 1661
1661, 1662
1660, 1662
1662, 1660
1662, 1661
1661, 1660
1663, 1664
1664, 1665
1663, 1665
1665, 1663
1665, 1664
1664, 1663
1666, 1667
1667, 1668
1666, 1668
1668, 1666
1668, 1667
1667, 1666
1669, 1670
1670, 1671
1669, 1671
1671, 1669
1671, 1670
1670, 1669
1672, 1673
1673, 1674
1672, 1674
1674, 1672
1674, 1673
1673, 1672
1675, 1676
1676, 1677
1675, 1677
1677, 1675
1677, 1676
1676, 1675
1678, 1679
1679, 1680
1678, 1680
1680, 1678
1680, 1679
1679, 1678
1681, 1682
1682, 1683
1681, 1683
1683, 1681
1683, 1682
1682, 1681
1684, 1685
1685, 1686
1684, 1686
1686, 1684
1686, 1685
1685, 1684
1687, 1688
1688, 1689
1687, 1689
1689, 1687
1689, 1688
1688, 1687
1690, 1691
1691, 1692
1690, 1692
1692, 1690
1692, 1691
1691, 1690
1693, 1694
1694, 1695
1693, 1695
1695, 1693
1695, 1694
1694, 1693
1696, 1697
1697, 1698
1696, 1698
1698, 1696
1698, 1697
1697, 1696
1699, 1700
1700, 1701
1699, 1701
1701, 1699
1701, 1700
1700, 1699
1702, 1703
1703, 1704
1702, 1704
1704, 1702
1704, 1703
1703, 1702
1705, 1706
1706, 1707
1705, 1707
1707, 1705
1707, 1706
1706, 1705
1708, 1709
1709, 1710
1708, 1710
1710, 1708
1710, 1709
1709, 1708
1711, 1712
1712, 1713
1711, 1713
1713, 1711
1713, 1712
1712, 1711
1714, 1715
1715, 1716
1714, 1716
1716, 1714
1716, 1715
1715, 1714
1717, 1718
1718, 1719
1717, 1719
1719, 1717
1719, 1718
1718, 1717
1720, 1721
1721, 1722
1720, 1722
1722, 1720
1722, 1721
1721, 1720
1723, 1724
1724, 1725
1723, 1725
1725, 1723
1725, 1724
1724, 1723
1726, 1727
1727, 1728
1726, 1728
1728, 1726
1728, 1727
1727, 1726
1729, 1730
1730, 1731
1729, 1731
1731, 1729
1731, 1730
1730, 1729
1732, 1733
1733, 1734
1732, 1734
1734, 1732
1734, 1733
1733, 1732
1735, 1736
1736, 1737
1735, 1737
1737, 1735
1737, 1736
1736, 1735
1738, 1739
1739, 1740
1738, 1740
1740, 1738
1740, 1739
1739, 1738
1741, 1742
1742, 1743
1741, 1743
1743, 1741
1743, 1742
1742, 1741
1744, 1745
1745, 1746
1744, 1746
1746, 1744
1746, 1745
1745, 1744
1747, 1748
1748, 1749
1747, 1749
1749, 1747
1749, 1748
1748, 1747
1750, 1751
1751, 1752
1750, 1752
1752, 1750
1752, 1751
1751, 1750
1753, 1754
1754, 1755
1753, 1755
1755, 1753
1755, 1754
1754, 1753
1756, 1757
1757, 1758
1756, 1758
1758, 1756
1758, 1757
1757, 1756
1759, 1760
1760, 1761
1759, 1761
1761, 1759
1761, 1760
1760, 1759
1762, 1763
1763, 1764
1762, 1764
1764, 1762
1764, 1763
1763, 1762
1765, 1766
1766, 1767
1765, 1767
1767, 1765
1767, 1766
1766, 1765
1768, 1769
1769, 1770
1768, 1770
1770, 1768
1770, 1769
1769, 1768
1771, 1772
1772, 1773
1771, 1773
1773, 1771
1773, 1772
1772, 1771
1774, 1775
1775, 1776
1774, 1776
1776, 1774
1776, 1775
1775, 1774
1777, 1778
1778, 1779
1777, 1779
1779, 1777
1779, 1778
1778, 1777
1780, 1781
1781, 1782
1780, 1782
1782, 1780
1782, 1781
1781, 1780
1783, 1784
1784, 1785
1783, 1785
1785, 1783
1785, 1784
1784, 1783
1786, 1787
1787, 1788
1786, 1788
1788, 1786
1788, 1787
1787, 1786
1789, 1790
1790, 1791
1789, 1791
1791, 1789
1791, 1790
1790, 1789
1792, 1793
1793, 1794
1792, 1794
1794, 1792
1794, 1793
1793, 1792
1795, 1796
1796, 1797
1795, 1797
1797, 1795
1797, 1796
1796, 1795
1798, 1799
1799, 1800
1798, 1800
1800, 1798
1800, 1799
1799, 1798
1801, 1802
1802, 1803
1801, 1803
1803, 1801
1803, 1802
1802, 1801
1804, 1805
1805, 1806
1804, 1806
1806, 1804
1806, 1805
1805, 1804
1807, 1808
1808, 1809
1807, 1809
1809, 1807
1809, 1808
1808, 1807
1810, 1811
1811, 1812
1810, 1812
1812, 1810
1812, 1811
1811, 1810
1813, 1814
1814, 1815
1813, 1815
1815, 1813
1815, 1814
1814, 1813
1816, 1817
1817, 1818
1816, 1818
1818, 1816
1818, 1817
1817, 1816
1819, 1820
1820, 1821
1819, 1821
1821, 1819
1821, 1820
1820, 1819
1822, 1823
1823, 1824
1822, 1824
1824, 1822
1824, 1823
1823, 1822
1825, 1826
1826, 1827
1825, 1827
1827, 1825
1827, 1826
1826, 1825
1828, 1829
1829, 1830
1828, 1830
1830, 1828
1830, 1829
1829, 1828
1831, 1832
1832, 1833
1831, 1833
1833, 1831
1833, 1832
1832, 1831
1834, 1835
1835, 1836
1834, 1836
1836, 1834
1836, 1835
1835, 1834
1837, 1838
1838, 1839
1837, 1839
1839, 1837
1839, 1838
1838, 1837
1840, 1841
1841, 1842
1840, 1842
1842, 1840
1842, 1841
1841, 1840
1843, 1844
1844, 1845
1843, 1845
1845, 1843
1845, 1844
1844, 1843
1846, 1847
1847, 1848
1846, 1848
1848, 1846
1848, 1847
1847, 1846
1849, 1850
1850, 1851
1849, 1851
1851, 1849
1851, 1850
1850, 1849
1852, 1853
1853, 1854
1852, 1854
1854, 1852
1854, 1853
1853, 1852
1855, 1856
1856, 1857
1855, 1857
1857, 1855
1857, 1856
1856, 1855
1858, 1859
1859, 1860
1858, 1860
1860, 1858
1860, 1859
1859, 1858
1861, 1862
1862, 1863
1861, 1863
1863, 1861
1863, 1862
1862, 1861
1864, 1865
1865, 1866
1864, 1866
1866, 1864
1866, 1865
1865, 1864
1867, 1868
1868, 1869
1867, 1869
1869, 1867
1869, 1868
1868, 1867
1870, 1871
1871, 1872
1870, 1872
1872, 1870
1872, 1871
1871, 1870
1873, 1874
1874, 1875
1873, 1875
1875, 1873
1875, 1874
1874, 1873
1876, 1877
1877, 1878
1876, 1878
1878, 1876
1878, 1877
1877, 1876
1879, 1880
1880, 1881
1879, 1881
1881, 1879
1881, 1880
1880, 1879
1882, 1883
1883, 1884
1882, 1884
1884, 1882
1884, 1883
1883, 1882
1885, 1886
1886, 1887
1885, 1887
1887, 1885
1887, 1886
1886, 1885
1888, 1889
1889, 1890
1888, 1890
1890, 1888
1890, 1889
1889, 1888
1891, 1892
1892, 1893
1891, 1893
1893, 1891
1893, 1892
1892, 1891
1894, 1895
1895, 1896
1894, 1896
1896, 1894
1896, 1895
1895, 1894
1897, 1898
1898, 1899
1897, 1899
1899, 1897
1899, 1898
1898, 1897
1900, 1901
1901, 1902
1900, 1902
1902, 1900
1902, 1901
1901, 1900
1903, 1904
1904, 1905
1903, 1905
1905, 1903
1905, 1904
1904, 1903
1906, 1907
1907, 1908
1906, 1908
1908, 1906
1908, 1907
1907, 1906
1909, 1910
1910, 1911
1909, 1911
1911, 1909
1911, 1910
1910, 1909
1912, 1913
1913, 1914
1912, 1914
1914, 1912
1914, 1913
1913, 1912
1915, 1916
1916, 1917
1915, 1917
1917, 1915
1917, 1916
1916, 1915
1918, 1919
1919, 1920
1918, 1920
1920, 1918
1920, 1919
1919, 1918
1921, 1922
1922, 1923
1921, 1923
1923, 1921
1923, 1922
1922, 1921
1924, 1925
1925, 1926
1924, 1926
1926, 1924
1926, 1925
1925, 1924
1927, 1928
1928, 1929
1927, 1929
1929, 1927
1929, 1928
1928, 1927
1930, 1931
1931, 1932
1930, 1932
1932, 1930
1932, 1931
1931, 1930
1933, 1934
1934, 1935
1933, 1935
1935, 1933
1935, 1934
1934, 1933
1936, 1937
1937, 1938
1936, 1938
1938, 1936
1938, 1937
1937, 1936
1939, 1940
1940, 1941
1939, 1941
1941, 1939
1941, 1940
1940, 1939
1942, 1943
1943, 1944
1942, 1944
1944, 1942
1944, 1943
1943, 1942
1945, 1946
1946, 1947
1945, 1947
1947, 1945
1947, 1946
1946, 1945
1948, 1949
1949, 1950
1948, 1950
1950, 1948
1950, 1949
1949, 1948
1951, 1952
1952, 1953
1951, 1953
1953, 1951
1953, 1952
1952, 1951
1954, 1955
1955, 1956
1954, 1956
1956, 1954
1956, 1955
1955, 1954
1957, 1958
1958, 1959
1957, 1959
1959, 1957
1959, 1958
1958, 1957
1960, 1961
1961, 1962
1960, 1962
1962, 1960
1962, 1961
1961, 1960
1963, 1964
1964, 1965
1963, 1965
1965, 1963
1965, 1964
1964, 1963
1966, 1967
1967, 1968
1966, 1968
1968, 1966
1968, 1967
1967, 1966
1969, 1970
1970, 1971
1969, 1971
1971, 1969
1971, 1970
1970, 1969
1972, 1973
1973, 1974
1972, 1974
1974, 1972
1974, 1973
1973, 1972
1975, 1976
1976, 1977
1975, 1977
1977, 1975
1977, 1976
1976, 1975
1978, 1979
1979, 1980
1978, 1980
1980, 1978
1980, 1979
1979, 1978
1981, 1982
1982, 1983
1981, 1983
1983, 1981
1983, 1982
1982, 1981
1984, 1985
1985, 1986
1984, 1986
1986, 1984
1986, 1985
1985, 1984
1987, 1988
1988, 1989
1987, 1989
1989, 1987
1989, 1988
1988, 1987
1990, 1991
1991, 1992
1990, 1992
1992, 1990
1992, 1991
1991, 1990
1993, 1994
1994, 1995
1993, 1995
1995, 1993
1995, 1994
1994, 1993
1996, 1997
1997, 1998
1996, 1998
1998, 1996
1998, 1997
1997, 1996
1999, 2000
2000, 2001
1999, 2001
2001, 1999
2001, 2000
2000, 1999
2002, 2003
2003, 2004
2002, 2004
2004, 2002
2004, 2003
2003, 2002
2005, 2006
2006, 2007
2005, 2007
2007, 2005
2007, 2006
2006, 2005
2008, 2009
2009, 2010
2008, 2010
2010, 2008
2010, 2009
2009, 2008
2011, 2012
2012, 2013
2011, 2013
2013, 2011
2013, 2012
2012, 2011
2014, 2015
2015, 2016
2014, 2016
2016, 2014
2016, 2015
2015, 2014
2017, 2018
2018, 2019
2017, 2019
2019, 2017
2019, 2018
2018, 2017
2020, 2021
2021, 2022
2020, 2022
2022, 2020
2022, 2021
2021, 2020
2023, 2024
2024, 2025
2023, 2025
2025, 2023
2025, 2024
2024, 2023
2026, 2027
2027, 2028
2026, 2028
2028, 2026
2028, 2027
2027, 2026
2029, 2030
2030, 2031
2029, 2031
2031, 2029
2031, 2030
2030, 2029
2032, 2033
2033, 2034
2032, 2034
2034, 2032
2034, 2033
2033, 2032
2035, 2036
2036, 2037
2035, 2037
2037, 2035
2037, 2036
2036, 2035
2038, 2039
2039, 2040
2038, 2040
2040, 2038
2040, 2039
2039, 2038
2041, 2042
2042, 2043
2041, 2043
2043, 2041
2043, 2042
2042, 2041
2044, 2045
2045, 2046
2044, 2046
2046, 2044
2046, 2045
2045, 2044
2047, 2048
2048, 2049
2047, 2049
2049, 2047
2049, 2048
2048, 2047
2050, 2051
2051, 2052
2050, 2052
2052, 2050
2052, 2051
2051, 2050
2053, 2054
2054, 2055
2053, 2055
2055, 2053
2055, 2054
2054, 2053
2056, 2057
2057, 2058
2056, 2058
2058, 2056
2058, 2057
2057, 2056
2059, 2060
2060, 2061
2059, 2061
2061, 2059
2061, 2060
2060, 2059
2062, 2063
2063, 2064
2062, 2064
2064, 2062
2064, 2063
2063, 2062
2065, 2066
2066, 2067
2065, 2067
2067, 2065
2067, 2066
2066, 2065
2068, 2069
2069, 2070
2068, 2070
2070, 2068
2070, 2069
2069, 2068
2071, 2072
2072, 2073
2071, 2073
2073, 2071
2073, 2072
2072, 2071
2074, 2075
2075, 2076
2074, 2076
2076, 2074
2076, 2075
2075, 2074
2077, 2078
2078, 2079
2077, 2079
2079, 2077
2079, 2078
2078, 2077
2080, 2081
2081, 2082
2080, 2082
2082, 2080
2082, 2081
2081, 2080
2083, 2084
2084, 2085
2083, 2085
2085, 2083
2085, 2084
2084, 2083
2086, 2087
2087, 2088
2086, 2088
2088, 2086
2088, 2087
2087, 2086
2089, 2090
2090, 2091
2089, 2091
2091, 2089
2091, 2090
2090, 2089
2092, 2093
2093, 2094
2092, 2094
2094, 2092
2094, 2093
2093, 2092
2095, 2096
2096, 2097
2095, 2097
2097, 2095
2097, 2096
2096, 2095
2098, 2099
2099, 2100
2098, 2100
2100, 2098
2100, 2099
2099, 2098
2101, 2102
2102, 2103
2101, 2103
2103, 2101
2103, 2102
2102, 2101
2104, 2105
2105, 2106
2104, 2106
2106, 2104
2106, 2105
2105, 2104
2107, 2108
2108, 2109
2107, 2109
2109, 2107
2109, 2108
2108, 2107
2110, 2111
2111, 2112
2110, 2112
2112, 2110
2112, 2111
2111, 2110
2113, 2114
2114, 2115
2113, 2115
2115, 2113
2115, 2114
2114, 2113
2116, 2117
2117, 2118
2116, 2118
2118, 2116
2118, 2117
2117, 2116
2119, 2120
2120, 2121
2119, 2121
2121, 2119
2121, 2120
2120, 2119
2122, 2123
2123, 2124
2122, 2124
2124, 2122
2124, 2123
2123, 2122
2125, 2126
2126, 2127
2125, 2127
2127, 2125
2127, 2126
2126, 2125
2128, 2129
2129, 2130
2128, 2130
2130, 2128
2130, 2129
2129, 2128
2131, 2132
2132, 2133
2131, 2133
2133, 2131
2133, 2132
2132, 2131
2134, 2135
2135, 2136
2134, 2136
2136, 2134
2136, 2135
2135, 2134
2137, 2138
2138, 2139
2137, 2139
2139, 2137
2139, 2138
2138, 2137
2140, 2141
2141, 2142
2140, 2142
2142, 2140
2142, 2141
2141, 2140
2143, 2144
2144, 2145
2143, 2145
2145, 2143
2145, 2144
2144, 2143
2146, 2147
2147, 2148
2146, 2148
2148, 2146
2148, 2147
2147, 2146
2149, 2150
2150, 2151
2149, 2151
2151, 2149
2151, 2150
2150, 2149
2152, 2153
2153, 2154
2152, 2154
2154, 2152
2154, 2153
2153, 2152
2155, 2156
2156, 2157
2155, 2157
2157, 2155
2157, 2156
2156, 2155
2158, 2159
2159, 2160
2158, 2160
2160, 2158
2160, 2159
2159, 2158
2161, 2162
2162, 2163
2161, 2163
2163, 2161
2163, 2162
2162, 2161
2164, 2165
2165, 2166
2164, 2166
2166, 2164
2166, 2165
2165, 2164
2167, 2168
2168, 2169
2167, 2169
2169, 2167
2169, 2168
2168, 2167
2170, 2171
2171, 2172
2170, 2172
2172, 2170
2172, 2171
2171, 2170
2173, 2174
2174, 2175
2173, 2175
2175, 2173
2175, 2174
2174, 2173
2176, 2177
2177, 2178
2176, 2178
2178, 2176
2178, 2177
2177, 2176
2179, 2180
2180, 2181
2179, 2181
2181, 2179
2181, 2180
2180, 2179
2182, 2183
2183, 2184
2182, 2184
2184, 2182
2184, 2183
2183, 2182
2185, 2186
2186, 2187
2185, 2187
2187, 2185
2187, 2186
2186, 2185
2188, 2189
2189, 2190
2188, 2190
2190, 2188
2190, 2189
2189, 2188
2191, 2192
2192, 2193
2191, 2193
2193, 2191
2193, 2192
2192, 2191
2194, 2195
2195, 2196
2194, 2196
2196, 2194
2196, 2195
2195, 2194
2197, 2198
2198, 2199
2197, 2199
2199, 2197
2199, 2198
2198, 2197
2200, 2201
2201, 2202
2200, 2202
2202, 2200
2202, 2201
2201, 2200
2203, 2204
2204, 2205
2203, 2205
2205, 2203
2205, 2204
2204, 2203
2206, 2207
2207, 2208
2206, 2208
2208, 2206
2208, 2207
2207, 2206
2209, 2210
2210, 2211
2209, 2211
2211, 2209
2211, 2210
2210, 2209
2212, 2213
2213, 2214
2212, 2214
2214, 2212
2214, 2213
2213, 2212
2215, 2216
2216, 2217
2215, 2217
2217, 2215
2217, 2216
2216, 2215
2218, 2219
2219, 2220
2218, 2220
2220, 2218
2220, 2219
2219, 2218
2221, 2222
2222, 2223
2221, 2223
2223, 2221
2223, 2222
2222, 2221
2224, 2225
2225, 2226
2224, 2226
2226, 2224
2226, 2225
2225, 2224
2227, 2228
2228, 2229
2227, 2229
2229, 2227
2229, 2228
2228, 2227
2230, 2231
2231, 2232
2230, 2232
2232, 2230
2232, 2231
2231, 2230
2233, 2234
2234, 2235
2233, 2235
2235, 2233
2235, 2234
2234, 2233
2236, 2237
2237, 2238
2236, 2238
2238, 2236
2238, 2237
2237, 2236
2239, 2240
2240, 2241
2239, 2241
2241, 2239
2241, 2240
2240, 2239
2242, 2243
2243, 2244
2242, 2244
2244, 2242
2244, 2243
2243, 2242
2245, 2246
2246, 2247
2245, 2247
2247, 2245
2247, 2246
2246, 2245
2248, 2249
2249, 2250
2248, 2250
2250, 2248
2250, 2249
2249, 2248
2251, 2252
2252, 2253
2251, 2253
2253, 2251
2253, 2252
2252, 2251
2254, 2255
2255, 2256
2254, 2256
2256, 2254
2256, 2255
2255, 2254
2257, 2258
2258, 2259
2257, 2259
2259, 2257
2259, 2258
2258, 2257
2260, 2261
2261, 2262
2260, 2262
2262, 2260
2262, 2261
2261, 2260
2263, 2264
2264, 2265
2263, 2265
2265, 2263
2265, 2264
2264, 2263
2266, 2267
2267, 2268
2266, 2268
2268, 2266
2268, 2267
2267, 2266
2269, 2270
2270, 2271
2269, 2271
2271, 2269
2271, 2270
2270, 2269
2272, 2273
2273, 2274
2272, 2274
2274, 2272
2274, 2273
2273, 2272
2275, 2276
2276, 2277
2275, 2277
2277, 2275
2277, 2276
2276, 2275
2278, 2279
2279, 2280
2278, 2280
2280, 2278
2280, 2279
2279, 2278
2281, 2282
2282, 2283
2281, 2283
2283, 2281
2283, 2282
2282, 2281
2284, 2285
2285, 2286
2284, 2286
2286, 2284
2286, 2285
2285, 2284
2287, 2288
2288, 2289
2287, 2289
2289, 2287
2289, 2288
2288, 2287
2290, 2291
2291, 2292
2290, 2292
2292, 2290
2292, 2291
2291, 2290
2293, 2294
2294, 2295
2293, 2295
2295, 2293
2295, 2294
2294, 2293
2296, 2297
2297, 2298
2296, 2298
2298, 2296
2298, 2297
2297, 2296
2299, 2300
2300, 2301
2299, 2301
2301, 2299
2301, 2300
2300, 2299
2302, 2303
2303, 2304
2302, 2304
2304, 2302
2304, 2303
2303, 2302
2305, 2306
2306, 2307
2305, 2307
2307, 2305
2307, 2306
2306, 2305
2308, 2309
2309, 2310
2308, 2310
2310, 2308
2310, 2309
2309, 2308
2311, 2312
2312, 2313
2311, 2313
2313, 2311
2313, 2312
2312, 2311
2314, 2315
2315, 2316
2314, 2316
2316, 2314
2316, 2315
2315, 2314
2317, 2318
2318, 2319
2317, 2319
2319, 2317
2319, 2318
2318, 2317
2320, 2321
2321, 2322
2320, 2322
2322, 2320
2322, 2321
2321, 2320
2323, 2324
2324, 2325
2323, 2325
2325, 2323
2325, 2324
2324, 2323
2326, 2327
2327, 2328
2326, 2328
2328, 2326
2328, 2327
2327, 2326
2329, 2330
2330, 2331
2329, 2331
2331, 2329
2331, 2330
2330, 2329
2332, 2333
2333, 2334
2332, 2334
2334, 2332
2334, 2333
2333, 2332
2335, 2336
2336, 2337
2335, 2337
2337, 2335
2337, 2336
2336, 2335
2338, 2339
2339, 2340
2338, 2340
2340, 2338
2340, 2339
2339, 2338
2341, 2342
2342, 2343
2341, 2343
2343, 2341
2343, 2342
2342, 2341
2344, 2345
2345, 2346
2344, 2346
2346, 2344
2346, 2345
2345, 2344
2347, 2348
2348, 2349
2347, 2349
2349, 2347
2349, 2348
2348, 2347
2350, 2351
2351, 2352
2350, 2352
2352, 2350
2352, 2351
2351, 2350
2353, 2354
2354, 2355
2353, 2355
2355, 2353
2355, 2354
2354, 2353
2356, 2357
2357, 2358
2356, 2358
2358, 2356
2358, 2357
2357, 2356
2359, 2360
2360, 2361
2359, 2361
2361, 2359
2361, 2360
2360, 2359
2362, 2363
2363, 2364
2362, 2364
2364, 2362
2364, 2363
2363, 2362
2365, 2366
2366, 2367
2365, 2367
2367, 2365
2367, 2366
2366, 2365
2368, 2369
2369, 2370
2368, 2370
2370, 2368
2370, 2369
2369, 2368
2371, 2372
2372, 2373
2371, 2373
2373, 2371
2373, 2372
2372, 2371
2374, 2375
2375, 2376
2374, 2376
2376, 2374
2376, 2375
2375, 2374
2377, 2378
2378, 2379
2377, 2379
2379, 2377
2379, 2378
2378, 2377
2380, 2381
2381, 2382
2380, 2382
2382, 2380
2382, 2381
2381, 2380
2383, 2384
2384, 2385
2383, 2385
2385, 2383
2385, 2384
2384, 2383
2386, 2387
2387, 2388
2386, 2388
2388, 2386
2388, 2387
2387, 2386
2389, 2390
2390, 2391
2389, 2391
2391, 2389
2391, 2390
2390, 2389
2392, 2393
2393, 2394
2392, 2394
2394, 2392
2394, 2393
2393, 2392
2395, 2396
2396, 2397
2395, 2397
2397, 2395
2397, 2396
2396, 2395
2398, 2399
2399, 2400
2398, 2400
2400, 2398
2400, 2399
2399, 2398
2401, 2402
2402, 2403
2401, 2403
2403, 2401
2403, 2402
2402, 2401
2404, 2405
2405, 2406
2404, 2406
2406, 2404
2406, 2405
2405, 2404
2407, 2408
2408, 2409
2407, 2409
2409, 2407
2409, 2408
2408, 2407
2410, 2411
2411, 2412
2410, 2412
2412, 2410
2412, 2411
2411, 2410
2413, 2414
2414, 2415
2413, 2415
2415, 2413
2415, 2414
2414, 2413
2416, 2417
2417, 2418
2416, 2418
2418, 2416
2418, 2417
2417, 2416
2419, 2420
2420, 2421
2419, 2421
2421, 2419
2421, 2420
2420, 2419
2422, 2423
2423, 2424
2422, 2424
2424, 2422
2424, 2423
2423, 2422
2425, 2426
2426, 2427
2425, 2427
2427, 2425
2427, 2426
2426, 2425
2428, 2429
2429, 2430
2428, 2430
2430, 2428
2430, 2429
2429, 2428
2431, 2432
2432, 2433
2431, 2433
2433, 2431
2433, 2432
2432, 2431
2434, 2435
2435, 2436
2434, 2436
2436, 2434
2436, 2435
2435, 2434
2437, 2438
2438, 2439
2437, 2439
2439, 2437
2439, 2438
2438, 2437
2440, 2441
2441, 2442
2440, 2442
2442, 2440
2442, 2441
2441, 2440
2443, 2444
2444, 2445
2443, 2445
2445, 2443
2445, 2444
2444, 2443
2446, 2447
2447, 2448
2446, 2448
2448, 2446
2448, 2447
2447, 2446
2449, 2450
2450, 2451
2449, 2451
2451, 2449
2451, 2450
2450, 2449
2452, 2453
2453, 2454
2452, 2454
2454, 2452
2454, 2453
2453, 2452
2455, 2456
2456, 2457
2455, 2457
2457, 2455
2457, 2456
2456, 2455
2458, 2459
2459, 2460
2458, 2460
2460, 2458
2460, 2459
2459, 2458
2461, 2462
2462, 2463
2461, 2463
2463, 2461
2463, 2462
2462, 2461
2464, 2465
2465, 2466
2464, 2466
2466, 2464
2466, 2465
2465, 2464
2467, 2468
2468, 2469
2467, 2469
2469, 2467
2469, 2468
2468, 2467
2470, 2471
2471, 2472
2470, 2472
2472, 2470
2472, 2471
2471, 2470
2473, 2474
2474, 2475
2473, 2475
2475, 2473
2475, 2474
2474, 2473
2476, 2477
2477, 2478
2476, 2478
2478, 2476
2478, 2477
2477, 2476
2479, 2480
2480, 2481
2479, 2481
2481, 2479
2481, 2480
2480, 2479
2482, 2483
2483, 2484
2482, 2484
2484, 2482
2484, 2483
2483, 2482
2485, 2486
2486, 2487
2485, 2487
2487, 2485
2487, 2486
2486, 2485
2488, 2489
2489, 2490
2488, 2490
2490, 2488
2490, 2489
2489, 2488
2491, 2492
2492, 2493
2491, 2493
2493, 2491
2493, 2492
2492, 2491
2494, 2495
2495, 2496
2494, 2496
2496, 2494
2496, 2495
2495, 2494
2497, 2498
2498, 2499
2497, 2499
2499, 2497
2499, 2498
2498, 2497
2500, 2501
2501, 2502
2500, 2502
2502, 2500
2502, 2501
2501, 2500
2503, 2504
2504, 2505
2503, 2505
2505, 2503
2505, 2504
2504, 2503
2506, 2507
2507, 2508
2506, 2508
2508, 2506
2508, 2507
2507, 2506
2509, 2510
2510, 2511
2509, 2511
2511, 2509
2511, 2510
2510, 2509
2512, 2513
2513, 2514
2512, 2514
2514, 2512
2514, 2513
2513, 2512
2515, 2516
2516, 2517
2515, 2517
2517, 2515
2517, 2516
2516, 2515
2518, 2519
2519, 2520
2518, 2520
2520, 2518
2520, 2519
2519, 2518
2521, 2522
2522, 2523
2521, 2523
2523, 2521
2523, 2522
2522, 2521
2524, 2525
2525, 2526
2524, 2526
2526, 2524
2526, 2525
2525, 2524
2527, 2528
2528, 2529
2527, 2529
2529, 2527
2529, 2528
2528, 2527
2530, 2531
2531, 2532
2530, 2532
2532, 2530
2532, 2531
2531, 2530
2533, 2534
2534, 2535
2533, 2535
2535, 2533
2535, 2534
2534, 2533
2536, 2537
2537, 2538
2536, 2538
2538, 2536
2538, 2537
2537, 2536
2539, 2540
2540, 2541
2539, 2541
2541, 2539
2541, 2540
2540, 2539
2542, 2543
2543, 2544
2542, 2544
2544, 2542
2544, 2543
2543, 2542
2545, 2546
2546, 2547
2545, 2547
2547, 2545
2547, 2546
2546, 2545
2548, 2549
2549, 2550
2548, 2550
2550, 2548
2550, 2549
2549, 2548
2551, 2552
2552, 2553
2551, 2553
2553, 2551
2553, 2552
2552, 2551
2554, 2555
2555, 2556
2554, 2556
2556, 2554
2556, 2555
2555, 2554
2557, 2558
2558, 2559
2557, 2559
2559, 2557
2559, 2558
2558, 2557
2560, 2561
2561, 2562
2560, 2562
2562, 2560
2562, 2561
2561, 2560
2563, 2564
2564, 2565
2563, 2565
2565, 2563
2565, 2564
2564, 2563
2566, 2567
2567, 2568
2566, 2568
2568, 2566
2568, 2567
2567, 2566
2569, 2570
2570, 2571
2569, 2571
2571, 2569
2571, 2570
2570, 2569
2572, 2573
2573, 2574
2572, 2574
2574, 2572
2574, 2573
2573, 2572
2575, 2576
2576, 2577
2575, 2577
2577, 2575
2577, 2576
2576, 2575
2578, 2579
2579, 2580
2578, 2580
2580, 2578
2580, 2579
2579, 2578
2581, 2582
2582, 2583
2581, 2583
2583, 2581
2583, 2582
2582, 2581
2584, 2585
2585, 2586
2584, 2586
2586, 2584
2586, 2585
2585, 2584
2587, 2588
2588, 2589
2587, 2589
2589, 2587
2589, 2588
2588, 2587
2590, 2591
2591, 2592
2590, 2592
2592, 2590
2592, 2591
2591, 2590
2593, 2594
2594, 2595
2593, 2595
2595, 2593
2595, 2594
2594, 2593
2596, 2597
2597, 2598
2596, 2598
2598, 2596
2598, 2597
2597, 2596
2599, 2600
2600, 2601
2599, 2601
2601, 2599
2601, 2600
2600, 2599
2602, 2603
2603, 2604
2602, 2604
2604, 2602
2604, 2603
2603, 2602
2605, 2606
2606, 2607
2605, 2607
2607, 2605
2607, 2606
2606, 2605
2608, 2609
2609, 2610
2608, 2610
2610, 2608
2610, 2609
2609, 2608
2611, 2612
2612, 2613
2611, 2613
2613, 2611
2613, 2612
2612, 2611
2614, 2615
2615, 2616
2614, 2616
2616, 2614
2616, 2615
2615, 2614
2617, 2618
2618, 2619
2617, 2619
2619, 2617
2619, 2618
2618, 2617
2620, 2621
2621, 2622
2620, 2622
2622, 2620
2622, 2621
2621, 2620
2623, 2624
2624, 2625
2623, 2625
2625, 2623
2625, 2624
2624, 2623
2626, 2627
2627, 2628
2626, 2628
2628, 2626
2628, 2627
2627, 2626
2629, 2630
2630, 2631
2629, 2631
2631, 2629
2631, 2630
2630, 2629
2632, 2633
2633, 2634
2632, 2634
2634, 2632
2634, 2633
2633, 2632
2635, 2636
2636, 2637
2635, 2637
2637, 2635
2637, 2636
2636, 2635
2638, 2639
2639, 2640
2638, 2640
2640, 2638
2640, 2639
2639, 2638
2641, 2642
2642, 2643
2641, 2643
2643, 2641
2643, 2642
2642, 2641
2644, 2645
2645, 2646
2644, 2646
2646, 2644
2646, 2645
2645, 2644
2647, 2648
2648, 2649
2647, 2649
2649, 2647
2649, 2648
2648, 2647
2650, 2651
2651, 2652
2650, 2652
2652, 2650
2652, 2651
2651, 2650
2653, 2654
2654, 2655
2653, 2655
2655, 2653
2655, 2654
2654, 2653
2656, 2657
2657, 2658
2656, 2658
2658, 2656
2658, 2657
2657, 2656
2659, 2660
2660, 2661
2659, 2661
2661, 2659
2661, 2660
2660, 2659
2662, 2663
2663, 2664
2662, 2664
2664, 2662
2664, 2663
2663, 2662
2665, 2666
2666, 2667
2665, 2667
2667, 2665
2667, 2666
2666, 2665
2668, 2669
2669, 2670
2668, 2670
2670, 2668
2670, 2669
2669, 2668
2671, 2672
2672, 2673
2671, 2673
2673, 2671
2673, 2672
2672, 2671
2674, 2675
2675, 2676
2674, 2676
2676, 2674
2676, 2675
2675, 2674
2677, 2678
2678, 2679
2677, 2679
2679, 2677
2679, 2678
2678, 2677
2680, 2681
2681, 2682
2680, 2682
2682, 2680
2682, 2681
2681, 2680
2683, 2684
2684, 2685
2683, 2685
2685, 2683
2685, 2684
2684, 2683
2686, 2687
2687, 2688
2686, 2688
2688, 2686
2688, 2687
2687, 2686
2689, 2690
2690, 2691
2689, 2691
2691, 2689
2691, 2690
2690, 2689
2692, 2693
2693, 2694
2692, 2694
2694, 2692
2694, 2693
2693, 2692
2695, 2696
2696, 2697
2695, 2697
2697, 2695
2697, 2696
2696, 2695
2698, 2699
2699, 2700
2698, 2700
2700, 2698
2700, 2699
2699, 2698
2701, 2702
2702, 2703
2701, 2703
2703, 2701
2703, 2702
2702, 2701
2704, 2705
2705, 2706
2704, 2706
2706, 2704
2706, 2705
2705, 2704
2707, 2708
2708, 2709
2707, 2709
2709, 2707
2709, 2708
2708, 2707
2710, 2711
2711, 2712
2710, 2712
2712, 2710
2712, 2711
2711, 2710
2713, 2714
2714, 2715
2713, 2715
2715, 2713
2715, 2714
2714, 2713
2716, 2717
2717, 2718
2716, 2718
2718, 2716
2718, 2717
2717, 2716
2719, 2720
2720, 2721
2719, 2721
2721, 2719
2721, 2720
2720, 2719
2722, 2723
2723, 2724
2722, 2724
2724, 2722
2724, 2723
2723, 2722
2725, 2726
2726, 2727
2725, 2727
2727, 2725
2727, 2726
2726, 2725
2728, 2729
2729, 2730
2728, 2730
2730, 2728
2730, 2729
2729, 2728
2731, 2732
2732, 2733
2731, 2733
2733, 2731
2733, 2732
2732, 2731
2734, 2735
2735, 2736
2734, 2736
2736, 2734
2736, 2735
2735, 2734
2737, 2738
2738, 2739
2737, 2739
2739, 2737
2739, 2738
2738, 2737
2740, 2741
2741, 2742
2740, 2742
2742, 2740
2742, 2741
2741, 2740
2743, 2744
2744, 2745
2743, 2745
2745, 2743
2745, 2744
2744, 2743
2746, 2747
2747, 2748
2746, 2748
2748, 2746
2748, 2747
2747, 2746
2749, 2750
2750, 2751
2749, 2751
2751, 2749
2751, 2750
2750, 2749
2752, 2753
2753, 2754
2752, 2754
2754, 2752
2754, 2753
2753, 2752
2755, 2756
2756, 2757
2755, 2757
2757, 2755
2757, 2756
2756, 2755
2758, 2759
2759, 2760
2758, 2760
2760, 2758
2760, 2759
2759, 2758
2761, 2762
2762, 2763
2761, 2763
2763, 2761
2763, 2762
2762, 2761
2764, 2765
2765, 2766
2764, 2766
2766, 2764
2766, 2765
2765, 2764
2767, 2768
2768, 2769
2767, 2769
2769, 2767
2769, 2768
2768, 2767
2770, 2771
2771, 2772
2770, 2772
2772, 2770
2772, 2771
2771, 2770
2773, 2774
2774, 2775
2773, 2775
2775, 2773
2775, 2774
2774, 2773
2776, 2777
2777, 2778
2776, 2778
2778, 2776
2778, 2777
2777, 2776
2779, 2780
2780, 2781
2779, 2781
2781, 2779
2781, 2780
2780, 2779
2782, 2783
2783, 2784
2782, 2784
2784, 2782
2784, 2783
2783, 2782
2785, 2786
2786, 2787
2785, 2787
2787, 2785
2787, 2786
2786, 2785
2788, 2789
2789, 2790
2788, 2790
2790, 2788
2790, 2789
2789, 2788
2791, 2792
2792, 2793
2791, 2793
2793, 2791
2793, 2792
2792, 2791
2794, 2795
2795, 2796
2794, 2796
2796, 2794
2796, 2795
2795, 2794
2797, 2798
2798, 2799
2797, 2799
2799, 2797
2799, 2798
2798, 2797
2800, 2801
2801, 2802
2800, 2802
2802, 2800
2802, 2801
2801, 2800
2803, 2804
2804, 2805
2803, 2805
2805, 2803
2805, 2804
2804, 2803
2806, 2807
2807, 2808
2806, 2808
2808, 2806
2808, 2807
2807, 2806
2809, 2810
2810, 2811
2809, 2811
2811, 2809
2811, 2810
2810, 2809
2812, 2813
2813, 2814
2812, 2814
2814, 2812
2814, 2813
2813, 2812
2815, 2816
2816, 2817
2815, 2817
2817, 2815
2817, 2816
2816, 2815
2818, 2819
2819, 2820
2818, 2820
2820, 2818
2820, 2819
2819, 2818
2821, 2822
2822, 2823
2821, 2823
2823, 2821
2823, 2822
2822, 2821
2824, 2825
2825, 2826
2824, 2826
2826, 2824
2826, 2825
2825, 2824
2827, 2828
2828, 2829
2827, 2829
2829, 2827
2829, 2828
2828, 2827
2830, 2831
2831, 2832
2830, 2832
2832, 2830
2832, 2831
2831, 2830
2833, 2834
2834, 2835
2833, 2835
2835, 2833
2835, 2834
2834, 2833
2836, 2837
2837, 2838
2836, 2838
2838, 2836
2838, 2837
2837, 2836
2839, 2840
2840, 2841
2839, 2841
2841, 2839
2841, 2840
2840, 2839
2842, 2843
2843, 2844
2842, 2844
2844, 2842
2844, 2843
2843, 2842
2845, 2846
2846, 2847
2845, 2847
2847, 2845
2847, 2846
2846, 2845
2848, 2849
2849, 2850
2848, 2850
2850, 2848
2850, 2849
2849, 2848
2851, 2852
2852, 2853
2851, 2853
2853, 2851
2853, 2852
2852, 2851
2854, 2855
2855, 2856
2854, 2856
2856, 2854
2856, 2855
2855, 2854
2857, 2858
2858, 2859
2857, 2859
2859, 2857
2859, 2858
2858, 2857
2860, 2861
2861, 2862
2860, 2862
2862, 2860
2862, 2861
2861, 2860
2863, 2864
2864, 2865
2863, 2865
2865, 2863
2865, 2864
2864, 2863
2866, 2867
2867, 2868
2866, 2868
2868, 2866
2868, 2867
2867, 2866
2869, 2870
2870, 2871
2869, 2871
2871, 2869
2871, 2870
2870, 2869
2872, 2873
2873, 2874
2872, 2874
2874, 2872
2874, 2873
2873, 2872
2875, 2876
2876, 2877
2875, 2877
2877, 2875
2877, 2876
2876, 2875
2878, 2879
2879, 2880
2878, 2880
2880, 2878
2880, 2879
2879, 2878
2881, 2882
2882, 2883
2881, 2883
2883, 2881
2883, 2882
2882, 2881
2884, 2885
2885, 2886
2884, 2886
2886, 2884
2886, 2885
2885, 2884
2887, 2888
2888, 2889
2887, 2889
2889, 2887
2889, 2888
2888, 2887
2890, 2891
2891, 2892
2890, 2892
2892, 2890
2892, 2891
2891, 2890
2893, 2894
2894, 2895
2893, 2895
2895, 2893
2895, 2894
2894, 2893
2896, 2897
2897, 2898
2896, 2898
2898, 2896
2898, 2897
2897, 2896
2899, 2900
2900, 2901
2899, 2901
2901, 2899
2901, 2900
2900, 2899
2902, 2903
2903, 2904
2902, 2904
2904, 2902
2904, 2903
2903, 2902
2905, 2906
2906, 2907
2905, 2907
2907, 2905
2907, 2906
2906, 2905
2908, 2909
2909, 2910
2908, 2910
2910, 2908
2910, 2909
2909, 2908
2911, 2912
2912, 2913
2911, 2913
2913, 2911
2913, 2912
2912, 2911
2914, 2915
2915, 2916
2914, 2916
2916, 2914
2916, 2915
2915, 2914
2917, 2918
2918, 2919
2917, 2919
2919, 2917
2919, 2918
2918, 2917
2920, 2921
2921, 2922
2920, 2922
2922, 2920
2922, 2921
2921, 2920
2923, 2924
2924, 2925
2923, 2925
2925, 2923
2925, 2924
2924, 2923
2926, 2927
2927, 2928
2926, 2928
2928, 2926
2928, 2927
2927, 2926
2929, 2930
2930, 2931
2929, 2931
2931, 2929
2931, 2930
2930, 2929
2932, 2933
2933, 2934
2932, 2934
2934, 2932
2934, 2933
2933, 2932
2935, 2936
2936, 2937
2935, 2937
2937, 2935
2937, 2936
2936, 2935
2938, 2939
2939, 2940
2938, 2940
2940, 2938
2940, 2939
2939, 2938
2941, 2942
2942, 2943
2941, 2943
2943, 2941
2943, 2942
2942, 2941
2944, 2945
2945, 2946
2944, 2946
2946, 2944
2946, 2945
2945, 2944
2947, 2948
2948, 2949
2947, 2949
2949, 2947
2949, 2948
2948, 2947
2950, 2951
2951, 2952
2950, 2952
2952, 2950
2952, 2951
2951, 2950
2953, 2954
2954, 2955
2953, 2955
2955, 2953
2955, 2954
2954, 2953
2956, 2957
2957, 2958
2956, 2958
2958, 2956
2958, 2957
2957, 2956
2959, 2960
2960, 2961
2959, 2961
2961, 2959
2961, 2960
2960, 2959
2962, 2963
2963, 2964
2962, 2964
2964, 2962
2964, 2963
2963, 2962
2965, 2966
2966, 2967
2965, 2967
2967, 2965
2967, 2966
2966, 2965
2968, 2969
2969, 2970
2968, 2970
2970, 2968
2970, 2969
2969, 2968
2971, 2972
2972, 2973
2971, 2973
2973, 2971
2973, 2972
2972, 2971
2974, 2975
2975, 2976
2974, 2976
2976, 2974
2976, 2975
2975, 2974
2977, 2978
2978, 2979
2977, 2979
2979, 2977
2979, 2978
2978, 2977
2980, 2981
2981, 2982
2980, 2982
2982, 2980
2982, 2981
2981, 2980
2983, 2984
2984, 2985
2983, 2985
2985, 2983
2985, 2984
2984, 2983
2986, 2987
2987, 2988
2986, 2988
2988, 2986
2988, 2987
2987, 2986
2989, 2990
2990, 2991
2989, 2991
2991, 2989
2991, 2990
2990, 2989
2992, 2993
2993, 2994
2992, 2994
2994, 2992
2994, 2993
2993, 2992
2995, 2996
2996, 2997
2995, 2997
2997, 2995
2997, 2996
2996, 2995
2998, 2999
2999, 3000
2998, 3000
3000, 2998
3000, 2999
2999, 2998
3001, 3002
3002, 3003
3001, 3003
3003, 3001
3003, 3002
3002, 3001
3004, 3005
3005, 3006
3004, 3006
3006, 3004
3006, 3005
3005, 3004
3007, 3008
3008, 3009
3007, 3009
3009, 3007
3009, 3008
3008, 3007
3010, 3011
3011, 3012
3010, 3012
3012, 3010
3012, 3011
3011, 3010
3013, 3014
3014, 3015
3013, 3015
3015, 3013
3015, 3014
3014, 3013
3016, 3017
3017, 3018
3016, 3018
3018, 3016
3018, 3017
3017, 3016
3019, 3020
3020, 3021
3019, 3021
3021, 3019
3021, 3020
3020, 3019
3022, 3023
3023, 3024
3022, 3024
3024, 3022
3024, 3023
3023, 3022
3025, 3026
3026, 3027
3025, 3027
3027, 3025
3027, 3026
3026, 3025
3028, 3029
3029, 3030
3028, 3030
3030, 3028
3030, 3029
3029, 3028
3031, 3032
3032, 3033
3031, 3033
3033, 3031
3033, 3032
3032, 3031
3034, 3035
3035, 3036
3034, 3036
3036, 3034
3036, 3035
3035, 3034
3037, 3038
3038, 3039
3037, 3039
3039, 3037
3039, 3038
3038, 3037
3040, 3041
3041, 3042
3040, 3042
3042, 3040
3042, 3041
3041, 3040
3043, 3044
3044, 3045
3043, 3045
3045, 3043
3045, 3044
3044, 3043
3046, 3047
3047, 3048
3046, 3048
3048, 3046
3048, 3047
3047, 3046
3049, 3050
3050, 3051
3049, 3051
3051, 3049
3051, 3050
3050, 3049
3052, 3053
3053, 3054
3052, 3054
3054, 3052
3054, 3053
3053, 3052
3055, 3056
3056, 3057
3055, 3057
3057, 3055
3057, 3056
3056, 3055
3058, 3059
3059, 3060
3058, 3060
3060, 3058
3060, 3059
3059, 3058
3061, 3062
3062, 3063
3061, 3063
3063, 3061
3063, 3062
3062, 3061
3064, 3065
3065, 3066
3064, 3066
3066, 3064
3066, 3065
3065, 3064
3067, 3068
3068, 3069
3067, 3069
3069, 3067
3069, 3068
3068, 3067
3070, 3071
3071, 3072
3070, 3072
3072, 3070
3072, 3071
3071, 3070
3073, 3074
3074, 3075
3073, 3075
3075, 3073
3075, 3074
3074, 3073
3076, 3077
3077, 3078
3076, 3078
3078, 3076
3078, 3077
3077, 3076
3079, 3080
3080, 3081
3079, 3081
3081, 3079
3081, 3080
3080, 3079
3082, 3083
3083, 3084
3082, 3084
3084, 3082
3084, 3083
3083, 3082
3085, 3086
3086, 3087
3085, 3087
3087, 3085
3087, 3086
3086, 3085
3088, 3089
3089, 3090
3088, 3090
3090, 3088
3090, 3089
3089, 3088
3091, 3092
3092, 3093
3091, 3093
3093, 3091
3093, 3092
3092, 3091
3094, 3095
3095, 3096
3094, 3096
3096, 3094
3096, 3095
3095, 3094
3097, 3098
3098, 3099
3097, 3099
3099, 3097
3099, 3098
3098, 3097
3100, 3101
3101, 3102
3100, 3102
3102, 3100
3102, 3101
3101, 3100
3103, 3104
3104, 3105
3103, 3105
3105, 3103
3105, 3104
3104, 3103
3106, 3107
3107, 3108
3106, 3108
3108, 3106
3108, 3107
3107, 3106
3109, 3110
3110, 3111
3109, 3111
3111, 3109
3111, 3110
3110, 3109
3112, 3113
3113, 3114
3112, 3114
3114, 3112
3114, 3113
3113, 3112
3115, 3116
3116, 3117
3115, 3117
3117, 3115
3117, 3116
3116, 3115
3118, 3119
3119, 3120
3118, 3120
3120, 3118
3120, 3119
3119, 3118
3121, 3122
3122, 3123
3121, 3123
3123, 3121
3123, 3122
3122, 3121
3124, 3125
3125, 3126
3124, 3126
3126, 3124
3126, 3125
3125, 3124
3127, 3128
3128, 3129
3127, 3129
3129, 3127
3129, 3128
3128, 3127
3130, 3131
3131, 3132
3130, 3132
3132, 3130
3132, 3131
3131, 3130
3133, 3134
3134, 3135
3133, 3135
3135, 3133
3135, 3134
3134, 3133
3136, 3137
3137, 3138
3136, 3138
3138, 3136
3138, 3137
3137, 3136
3139, 3140
3140, 3141
3139, 3141
3141, 3139
3141, 3140
3140, 3139
3142, 3143
3143, 3144
3142, 3144
3144, 3142
3144, 3143
3143, 3142
3145, 3146
3146, 3147
3145, 3147
3147, 3145
3147, 3146
3146, 3145
3148, 3149
3149, 3150
3148, 3150
3150, 3148
3150, 3149
3149, 3148
3151, 3152
3152, 3153
3151, 3153
3153, 3151
3153, 3152
3152, 3151
3154, 3155
3155, 3156
3154, 3156
3156, 3154
3156, 3155
3155, 3154
3157, 3158
3158, 3159
3157, 3159
3159, 3157
3159, 3158
3158, 3157
3160, 3161
3161, 3162
3160, 3162
3162, 3160
3162, 3161
3161, 3160
3163, 3164
3164, 3165
3163, 3165
3165, 3163
3165, 3164
3164, 3163
3166, 3167
3167, 3168
3166, 3168
3168, 3166
3168, 3167
3167, 3166
3169, 3170
3170, 3171
3169, 3171
3171, 3169
3171, 3170
3170, 3169
3172, 3173
3173, 3174
3172, 3174
3174, 3172
3174, 3173
3173, 3172
3175, 3176
3176, 3177
3175, 3177
3177, 3175
3177, 3176
3176, 3175
3178, 3179
3179, 3180
3178, 3180
3180, 3178
3180, 3179
3179, 3178
3181, 3182
3182, 3183
3181, 3183
3183, 3181
3183, 3182
3182, 3181
3184, 3185
3185, 3186
3184, 3186
3186, 3184
3186, 3185
3185, 3184
3187, 3188
3188, 3189
3187, 3189
3189, 3187
3189, 3188
3188, 3187
3190, 3191
3191, 3192
3190, 3192
3192, 3190
3192, 3191
3191, 3190
3193, 3194
3194, 3195
3193, 3195
3195, 3193
3195, 3194
3194, 3193
3196, 3197
3197, 3198
3196, 3198
3198, 3196
3198, 3197
3197, 3196
3199, 3200
3200, 3201
3199, 3201
3201, 3199
3201, 3200
3200, 3199
3202, 3203
3203, 3204
3202, 3204
3204, 3202
3204, 3203
3203, 3202
3205, 3206
3206, 3207
3205, 3207
3207, 3205
3207, 3206
3206, 3205
3208, 3209
3209, 3210
3208, 3210
3210, 3208
3210, 3209
3209, 3208
3211, 3212
3212, 3213
3211, 3213
3213, 3211
3213, 3212
3212, 3211
3214, 3215
3215, 3216
3214, 3216
3216, 3214
3216, 3215
3215, 3214
3217, 3218
3218, 3219
3217, 3219
3219, 3217
3219, 3218
3218, 3217
3220, 3221
3221, 3222
3220, 3222
3222, 3220
3222, 3221
3221, 3220
3223, 3224
3224, 3225
3223, 3225
3225, 3223
3225, 3224
3224, 3223
3226, 3227
3227, 3228
3226, 3228
3228, 3226
3228, 3227
3227, 3226
3229, 3230
3230, 3231
3229, 3231
3231, 3229
3231, 3230
3230, 3229
3232, 3233
3233, 3234
3232, 3234
3234, 3232
3234, 3233
3233, 3232
3235, 3236
3236, 3237
3235, 3237
3237, 3235
3237, 3236
3236, 3235
3238, 3239
3239, 3240
3238, 3240
3240, 3238
3240, 3239
3239, 3238
3241, 3242
3242, 3243
3241, 3243
3243, 3241
3243, 3242
3242, 3241
3244, 3245
3245, 3246
3244, 3246
3246, 3244
3246, 3245
3245, 3244
3247, 3248
3248, 3249
3247, 3249
3249, 3247
3249, 3248
3248, 3247
3250, 3251
3251, 3252
3250, 3252
3252, 3250
3252, 3251
3251, 3250
3253, 3254
3254, 3255
3253, 3255
3255, 3253
3255, 3254
3254, 3253
3256, 3257
3257, 3258
3256, 3258
3258, 3256
3258, 3257
3257, 3256
3259, 3260
3260, 3261
3259, 3261
3261, 3259
3261, 3260
3260, 3259
3262, 3263
3263, 3264
3262, 3264
3264, 3262
3264, 3263
3263, 3262
3265, 3266
3266, 3267
3265, 3267
3267, 3265
3267, 3266
3266, 3265
3268, 3269
3269, 3270
3268, 3270
3270, 3268
3270, 3269
3269, 3268
3271, 3272
3272, 3273
3271, 3273
3273, 3271
3273, 3272
3272, 3271
3274, 3275
3275, 3276
3274, 3276
3276, 3274
3276, 3275
3275, 3274
3277, 3278
3278, 3279
3277, 3279
3279, 3277
3279, 3278
3278, 3277
3280, 3281
3281, 3282
3280, 3282
3282, 3280
3282, 3281
3281, 3280
3283, 3284
3284, 3285
3283, 3285
3285, 3283
3285, 3284
3284, 3283
3286, 3287
3287, 3288
3286, 3288
3288, 3286
3288, 3287
3287, 3286
3289, 3290
3290, 3291
3289, 3291
3291, 3289
3291, 3290
3290, 3289
3292, 3293
3293, 3294
3292, 3294
3294, 3292
3294, 3293
3293, 3292
3295, 3296
3296, 3297
3295, 3297
3297, 3295
3297, 3296
3296, 3295
3298, 3299
3299, 3300
3298, 3300
3300, 3298
3300, 3299
3299, 3298
3301, 3302
3302, 3303
3301, 3303
3303, 3301
3303, 3302
3302, 3301
3304, 3305
3305, 3306
3304, 3306
3306, 3304
3306, 3305
3305, 3304
3307, 3308
3308, 3309
3307, 3309
3309, 3307
3309, 3308
3308, 3307
3310, 3311
3311, 3312
3310, 3312
3312, 3310
3312, 3311
3311, 3310
3313, 3314
3314, 3315
3313, 3315
3315, 3313
3315, 3314
3314, 3313
3316, 3317
3317, 3318
3316, 3318
3318, 3316
3318, 3317
3317, 3316
3319, 3320
3320, 3321
3319, 3321
3321, 3319
3321, 3320
3320, 3319
3322, 3323
3323, 3324
3322, 3324
3324, 3322
3324, 3323
3323, 3322
3325, 3326
3326, 3327
3325, 3327
3327, 3325
3327, 3326
3326, 3325
3328, 3329
3329, 3330
3328, 3330
3330, 3328
3330, 3329
3329, 3328
3331, 3332
3332, 3333
3331, 3333
3333, 3331
3333, 3332
3332, 3331
3334, 3335
3335, 3336
3334, 3336
3336, 3334
3336, 3335
3335, 3334
3337, 3338
3338, 3339
3337, 3339
3339, 3337
3339, 3338
3338, 3337
3340, 3341
3341, 3342
3340, 3342
3342, 3340
3342, 3341
3341, 3340
3343, 3344
3344, 3345
3343, 3345
3345, 3343
3345, 3344
3344, 3343
3346, 3347
3347, 3348
3346, 3348
3348, 3346
3348, 3347
3347, 3346
3349, 3350
3350, 3351
3349, 3351
3351, 3349
3351, 3350
3350, 3349
3352, 3353
3353, 3354
3352, 3354
3354, 3352
3354, 3353
3353, 3352
3355, 3356
3356, 3357
3355, 3357
3357, 3355
3357, 3356
3356, 3355
3358, 3359
3359, 3360
3358, 3360
3360, 3358
3360, 3359
3359, 3358
3361, 3362
3362, 3363
3361, 3363
3363, 3361
3363, 3362
3362, 3361
3364, 3365
3365, 3366
3364, 3366
3366, 3364
3366, 3365
3365, 3364
3367, 3368
3368, 3369
3367, 3369
3369, 3367
3369, 3368
3368, 3367
3370, 3371
3371, 3372
3370, 3372
3372, 3370
3372, 3371
3371, 3370
3373, 3374
3374, 3375
3373, 3375
3375, 3373
3375, 3374
3374, 3373
3376, 3377
3377, 3378
3376, 3378
3378, 3376
3378, 3377
3377, 3376
3379, 3380
3380, 3381
3379, 3381
3381, 3379
3381, 3380
3380, 3379
3382, 3383
3383, 3384
3382, 3384
3384, 3382
3384, 3383
3383, 3382
3385, 3386
3386, 3387
3385, 3387
3387, 3385
3387, 3386
3386, 3385
3388, 3389
3389, 3390
3388, 3390
3390, 3388
3390, 3389
3389, 3388
3391, 3392
3392, 3393
3391, 3393
3393, 3391
3393, 3392
3392, 3391
3394, 3395
3395, 3396
3394, 3396
3396, 3394
3396, 3395
3395, 3394
3397, 3398
3398, 3399
3397, 3399
3399, 3397
3399, 3398
3398, 3397
3400, 3401
3401, 3402
3400, 3402
3402, 3400
3402, 3401
3401, 3400
3403, 3404
3404, 3405
3403, 3405
3405, 3403
3405, 3404
3404, 3403
3406, 3407
3407, 3408
3406, 3408
3408, 3406
3408, 3407
3407, 3406
3409, 3410
3410, 3411
3409, 3411
3411, 3409
3411, 3410
3410, 3409
3412, 3413
3413, 3414
3412, 3414
3414, 3412
3414, 3413
3413, 3412
3415, 3416
3416, 3417
3415, 3417
3417, 3415
3417, 3416
3416, 3415
3418, 3419
3419, 3420
3418, 3420
3420, 3418
3420, 3419
3419, 3418
3421, 3422
3422, 3423
3421, 3423
3423, 3421
3423, 3422
3422, 3421
3424, 3425
3425, 3426
3424, 3426
3426, 3424
3426, 3425
3425, 3424
3427, 3428
3428, 3429
3427, 3429
3429, 3427
3429, 3428
3428, 3427
3430, 3431
3431, 3432
3430, 3432
3432, 3430
3432, 3431
3431, 3430
3433, 3434
3434, 3435
3433, 3435
3435, 3433
3435, 3434
3434, 3433
3436, 3437
3437, 3438
3436, 3438
3438, 3436
3438, 3437
3437, 3436
3439, 3440
3440, 3441
3439, 3441
3441, 3439
3441, 3440
3440, 3439
3442, 3443
3443, 3444
3442, 3444
3444, 3442
3444, 3443
3443, 3442
3445, 3446
3446, 3447
3445, 3447
3447, 3445
3447, 3446
3446, 3445
3448, 3449
3449, 3450
3448, 3450
3450, 3448
3450, 3449
3449, 3448
3451, 3452
3452, 3453
3451, 3453
3453, 3451
3453, 3452
3452, 3451
3454, 3455
3455, 3456
3454, 3456
3456, 3454
3456, 3455
3455, 3454
3457, 3458
3458, 3459
3457, 3459
3459, 3457
3459, 3458
3458, 3457
3460, 3461
3461, 3462
3460, 3462
3462, 3460
3462, 3461
3461, 3460
3463, 3464
3464, 3465
3463, 3465
3465, 3463
3465, 3464
3464, 3463
3466, 3467
3467, 3468
3466, 3468
3468, 3466
3468, 3467
3467, 3466
3469, 3470
3470, 3471
3469, 3471
3471, 3469
3471, 3470
3470, 3469
3472, 3473
3473, 3474
3472, 3474
3474, 3472
3474, 3473
3473, 3472
3475, 3476
3476, 3477
3475, 3477
3477, 3475
3477, 3476
3476, 3475
3478, 3479
3479, 3480
3478, 3480
3480, 3478
3480, 3479
3479, 3478
3481, 3482
3482, 3483
3481, 3483
3483, 3481
3483, 3482
3482, 3481
3484, 3485
3485, 3486
3484, 3486
3486, 3484
3486, 3485
3485, 3484
3487, 3488
3488, 3489
3487, 3489
3489, 3487
3489, 3488
3488, 3487
3490, 3491
3491, 3492
3490, 3492
3492, 3490
3492, 3491
3491, 3490
3493, 3494
3494, 3495
3493, 3495
3495, 3493
3495, 3494
3494, 3493
3496, 3497
3497, 3498
3496, 3498
3498, 3496
3498, 3497
3497, 3496
3499, 3500
3500, 3501
3499, 3501
3501, 3499
3501, 3500
3500, 3499
3502, 3503
3503, 3504
3502, 3504
3504, 3502
3504, 3503
3503, 3502
3505, 3506
3506, 3507
3505, 3507
3507, 3505
3507, 3506
3506, 3505
3508, 3509
3509, 3510
3508, 3510
3510, 3508
3510, 3509
3509, 3508
3511, 3512
3512, 3513
3511, 3513
3513, 3511
3513, 3512
3512, 3511
3514, 3515
3515, 3516
3514, 3516
3516, 3514
3516, 3515
3515, 3514
3517, 3518
3518, 3519
3517, 3519
3519, 3517
3519, 3518
3518, 3517
3520, 3521
3521, 3522
3520, 3522
3522, 3520
3522, 3521
3521, 3520
3523, 3524
3524, 3525
3523, 3525
3525, 3523
3525, 3524
3524, 3523
3526, 3527
3527, 3528
3526, 3528
3528, 3526
3528, 3527
3527, 3526
3529, 3530
3530, 3531
3529, 3531
3531, 3529
3531, 3530
3530, 3529
3532, 3533
3533, 3534
3532, 3534
3534, 3532
3534, 3533
3533, 3532
3535, 3536
3536, 3537
3535, 3537
3537, 3535
3537, 3536
3536, 3535
3538, 3539
3539, 3540
3538, 3540
3540, 3538
3540, 3539
3539, 3538
3541, 3542
3542, 3543
3541, 3543
3543, 3541
3543, 3542
3542, 3541
3544, 3545
3545, 3546
3544, 3546
3546, 3544
3546, 3545
3545, 3544
3547, 3548
3548, 3549
3547, 3549
3549, 3547
3549, 3548
3548, 3547
3550, 3551
3551, 3552
3550, 3552
3552, 3550
3552, 3551
3551, 3550
3553, 3554
3554, 3555
3553, 3555
3555, 3553
3555, 3554
3554, 3553
3556, 3557
3557, 3558
3556, 3558
3558, 3556
3558, 3557
3557, 3556
3559, 3560
3560, 3561
3559, 3561
3561, 3559
3561, 3560
3560, 3559
3562, 3563
3563, 3564
3562, 3564
3564, 3562
3564, 3563
3563, 3562
3565, 3566
3566, 3567
3565, 3567
3567, 3565
3567, 3566
3566, 3565
3568, 3569
3569, 3570
3568, 3570
3570, 3568
3570, 3569
3569, 3568
3571, 3572
3572, 3573
3571, 3573
3573, 3571
3573, 3572
3572, 3571
3574, 3575
3575, 3576
3574, 3576
3576, 3574
3576, 3575
3575, 3574
3577, 3578
3578, 3579
3577, 3579
3579, 3577
3579, 3578
3578, 3577
3580, 3581
3581, 3582
3580, 3582
3582, 3580
3582, 3581
3581, 3580
3583, 3584
3584, 3585
3583, 3585
3585, 3583
3585, 3584
3584, 3583
3586, 3587
3587, 3588
3586, 3588
3588, 3586
3588, 3587
3587, 3586
3589, 3590
3590, 3591
3589, 3591
3591, 3589
3591, 3590
3590, 3589
3592, 3593
3593, 3594
3592, 3594
3594, 3592
3594, 3593
3593, 3592
3595, 3596
3596, 3597
3595, 3597
3597, 3595
3597, 3596
3596, 3595
3598, 3599
3599, 3600
3598, 3600
3600, 3598
3600, 3599
3599, 3598
3601, 3602
3602, 3603
3601, 3603
3603, 3601
3603, 3602
3602, 3601
3604, 3605
3605, 3606
3604, 3606
3606, 3604
3606, 3605
3605, 3604
3607, 3608
3608, 3609
3607, 3609
3609, 3607
3609, 3608
3608, 3607
3610, 3611
3611, 3612
3610, 3612
3612, 3610
3612, 3611
3611, 3610
3613, 3614
3614, 3615
3613, 3615
3615, 3613
3615, 3614
3614, 3613
3616, 3617
3617, 3618
3616, 3618
3618, 3616
3618, 3617
3617, 3616
3619, 3620
3620, 3621
3619, 3621
3621, 3619
3621, 3620
3620, 3619
3622, 3623
3623, 3624
3622, 3624
3624, 3622
3624, 3623
3623, 3622
3625, 3626
3626, 3627
3625, 3627
3627, 3625
3627, 3626
3626, 3625
3628, 3629
3629, 3630
3628, 3630
3630, 3628
3630, 3629
3629, 3628
3631, 3632
3632, 3633
3631, 3633
3633, 3631
3633, 3632
3632, 3631
3634, 3635
3635, 3636
3634, 3636
3636, 3634
3636, 3635
3635, 3634
3637, 3638
3638, 3639
3637, 3639
3639, 3637
3639, 3638
3638, 3637
3640, 3641
3641, 3642
3640, 3642
3642, 3640
3642, 3641
3641, 3640
3643, 3644
3644, 3645
3643, 3645
3645, 3643
3645, 3644
3644, 3643
3646, 3647
3647, 3648
3646, 3648
3648, 3646
3648, 3647
3647, 3646
3649, 3650
3650, 3651
3649, 3651
3651, 3649
3651, 3650
3650, 3649
3652, 3653
3653, 3654
3652, 3654
3654, 3652
3654, 3653
3653, 3652
3655, 3656
3656, 3657
3655, 3657
3657, 3655
3657, 3656
3656, 3655
3658, 3659
3659, 3660
3658, 3660
3660, 3658
3660, 3659
3659, 3658
3661, 3662
3662, 3663
3661, 3663
3663, 3661
3663, 3662
3662, 3661
3664, 3665
3665, 3666
3664, 3666
3666, 3664
3666, 3665
3665, 3664
3667, 3668
3668, 3669
3667, 3669
3669, 3667
3669, 3668
3668, 3667
3670, 3671
3671, 3672
3670, 3672
3672, 3670
3672, 3671
3671, 3670
3673, 3674
3674, 3675
3673, 3675
3675, 3673
3675, 3674
3674, 3673
3676, 3677
3677, 3678
3676, 3678
3678, 3676
3678, 3677
3677, 3676
3679, 3680
3680, 3681
3679, 3681
3681, 3679
3681, 3680
3680, 3679
3682, 3683
3683, 3684
3682, 3684
3684, 3682
3684, 3683
3683, 3682
3685, 3686
3686, 3687
3685, 3687
3687, 3685
3687, 3686
3686, 3685
3688, 3689
3689, 3690
3688, 3690
3690, 3688
3690, 3689
3689, 3688
3691, 3692
3692, 3693
3691, 3693
3693, 3691
3693, 3692
3692, 3691
3694, 3695
3695, 3696
3694, 3696
3696, 3694
3696, 3695
3695, 3694
3697, 3698
3698, 3699
3697, 3699
3699, 3697
3699, 3698
3698, 3697
3700, 3701
3701, 3702
3700, 3702
3702, 3700
3702, 3701
3701, 3700
3703, 3704
3704, 3705
3703, 3705
3705, 3703
3705, 3704
3704, 3703
3706, 3707
3707, 3708
3706, 3708
3708, 3706
3708, 3707
3707, 3706
3709, 3710
3710, 3711
3709, 3711
3711, 3709
3711, 3710
3710, 3709
3712, 3713
3713, 3714
3712, 3714
3714, 3712
3714, 3713
3713, 3712
3715, 3716
3716, 3717
3715, 3717
3717, 3715
3717, 3716
3716, 3715
3718, 3719
3719, 3720
3718, 3720
3720, 3718
3720, 3719
3719, 3718
3721, 3722
3722, 3723
3721, 3723
3723, 3721
3723, 3722
3722, 3721
3724, 3725
3725, 3726
3724, 3726
3726, 3724
3726, 3725
3725, 3724
3727, 3728
3728, 3729
3727, 3729
3729, 3727
3729, 3728
3728, 3727
3730, 3731
3731, 3732
3730, 3732
3732, 3730
3732, 3731
3731, 3730
3733, 3734
3734, 3735
3733, 3735
3735, 3733
3735, 3734
3734, 3733
3736, 3737
3737, 3738
3736, 3738
3738, 3736
3738, 3737
3737, 3736
3739, 3740
3740, 3741
3739, 3741
3741, 3739
3741, 3740
3740, 3739
3742, 3743
3743, 3744
3742, 3744
3744, 3742
3744, 3743
3743, 3742
3745, 3746
3746, 3747
3745, 3747
3747, 3745
3747, 3746
3746, 3745
3748, 3749
3749, 3750
3748, 3750
3750, 3748
3750, 3749
3749, 3748
3751, 3752
3752, 3753
3751, 3753
3753, 3751
3753, 3752
3752, 3751
3754, 3755
3755, 3756
3754, 3756
3756, 3754
3756, 3755
3755, 3754
3757, 3758
3758, 3759
3757, 3759
3759, 3757
3759, 3758
3758, 3757
3760, 3761
3761, 3762
3760, 3762
3762, 3760
3762, 3761
3761, 3760
3763, 3764
3764, 3765
3763, 3765
3765, 3764
3765, 3763
3764, 3763
3766, 3767
3767, 3765
3766, 3765
3765, 3767
3765, 3766
3767, 3766
3768, 3769
3769, 3770
3768, 3770
3770, 3769
3770, 3768
3769, 3768
3771, 3772
3772, 3770
3771, 3770
3770, 3772
3770, 3771
3772, 3771
3773, 3774
3774, 3775
3773, 3775
3775, 3774
3775, 3773
3774, 3773
3776, 3777
3777, 3775
3776, 3775
3775, 3777
3775, 3776
3777, 3776
3778, 3779
3779, 3780
3778, 3780
3780, 3779
3780, 3778
3779, 3778
3781, 3782
3782, 3780
3781, 3780
3780, 3782
3780, 3781
3782, 3781
3783, 3784
3784, 3785
3783, 3785
3785, 3784
3785, 3783
3784, 3783
3786, 3787
3787, 3785
3786, 3785
3785, 3787
3785, 3786
3787, 3786
3788, 3789
3789, 3790
3788, 3790
3790, 3789
3790, 3788
3789, 3788
3791, 3792
3792, 3790
3791, 3790
3790, 3792
3790, 3791
3792, 3791
3793, 3794
3794, 3795
3793, 3795
3795, 3794
3795, 3793
3794, 3793
3796, 3797
3797, 3795
3796, 3795
3795, 3797
3795, 3796
3797, 3796
3798, 3799
3799, 3800
3798, 3800
3800, 3799
3800, 3798
3799, 3798
3801, 3802
3802, 3800
3801, 3800
3800, 3802
3800, 3801
3802, 3801
3803, 3804
3804, 3805
3803, 3805
3805, 3804
3805, 3803
3804, 3803
3806, 3807
3807, 3805
3806, 3805
3805, 3807
3805, 3806
3807, 3806
3808, 3809
3809, 3805
3808, 3805
3805, 3809
3805, 3808
3809, 3808
3810, 3811
3811, 3812
3810, 3812
3812, 3811
3812, 3810
3811, 3810
3813, 3814
3814, 3812
3813, 3812
3812, 3814
3812, 3813
3814, 3813
3815, 3816
3816, 3817
3815, 3817
3817, 3816
3817, 3815
3816, 3815
3818, 3819
3819, 3817
3818, 3817
3817, 3819
3817, 3818
3819, 3818
3820, 3821
3821, 3822
3820, 3822
3822, 3821
3822, 3820
3821, 3820
3823, 3824
3824, 3822
3823, 3822
3822, 3824
3822, 3823
3824, 3823
3825, 3826
3826, 3827
3825, 3827
3827, 3826
3827, 3825
3826, 3825
3828, 3829
3829, 3827
3828, 3827
3827, 3829
3827, 3828
3829, 3828
3830, 3831
3831, 3832
3830, 3832
3832, 3831
3832, 3830
3831, 3830
3833, 3834
3834, 3832
3833, 3832
3832, 3834
3832, 3833
3834, 3833
3835, 3836
3836, 3837
3835, 3837
3837, 3836
3837, 3835
3836, 3835
3838, 3839
3839, 3840
3838, 3840
3840, 3839
3840, 3838
3839, 3838
3841, 3842
3842, 3843
3841, 3843
3843, 3842
3843, 3841
3842, 3841
3844, 3845
3845, 3846
3844, 3846
3846, 3845
3846, 3844
3845, 3844
3847, 3848
3848, 3849
3847, 3849
3849, 3848
3849, 3847
3848, 3847
3850, 3851
3851, 3852
3850, 3852
3852, 3851
3852, 3850
3851, 3850
3853, 3854
3854, 3855
3853, 3855
3855, 3854
3855, 3853
3854, 3853
3856, 3857
3857, 3856
3858, 3859
3859, 3858
3860, 3861
3861, 3860
3862, 3863
3863, 3862
3864, 3865
3865, 3866
3864, 3866
3866, 3865
3866, 3864
3865, 3864
3867, 3868
3868, 3867
3869, 3870
3870, 3869
3871, 3872
3872, 3873
3871, 3873
3873, 3872
3873, 3871
3872, 3871
3874, 3875
3875, 3873
3874, 3873
3873, 3875
3873, 3874
3875, 3874
3876, 3877
3877, 3878
3876, 3878
3878, 3877
3878, 3876
3877, 3876
3879, 3880
3880, 3878
3879, 3878
3878, 3880
3878, 3879
3880, 3879
3881, 3882
3882, 3883
3881, 3883
3883, 3882
3883, 3881
3882, 3881
3884, 3885
3885, 3883
3884, 3883
3883, 3885
3883, 3884
3885, 3884
3886, 3887
3887, 3888
3886, 3888
3888, 3887
3888, 3886
3887, 3886
3889, 3890
3890, 3888
3889, 3888
3888, 3890
3888, 3889
3890, 3889
3891, 3892
3892, 3893
3891, 3893
3893, 3892
3893, 3891
3892, 3891
3894, 3895
3895, 3893
3894, 3893
3893, 3895
3893, 3894
3895, 3894
3896, 3897
3897, 3898
3896, 3898
3898, 3897
3898, 3896
3897, 3896
3899, 3900
3900, 3898
3899, 3898
3898, 3900
3898, 3899
3900, 3899
3901, 3902
3902, 3903
3901, 3903
3903, 3902
3903, 3901
3902, 3901
3904, 3905
3905, 3903
3904, 3903
3903, 3905
3903, 3904
3905, 3904
3906, 3907
3907, 3908
3906, 3908
3908, 3907
3908, 3906
3907, 3906
3909, 3910
3910, 3908
3909, 3908
3908, 3910
3908, 3909
3910, 3909
3911, 3912
3912, 3913
3911, 3913
3913, 3912
3913, 3911
3912, 3911
3914, 3915
3915, 3913
3914, 3913
3913, 3915
3913, 3914
3915, 3914
3916, 3917
3917, 3918
3916, 3918
3918, 3917
3918, 3916
3917, 3916
3919, 3920
3920, 3918
3919, 3918
3918, 3920
3918, 3919
3920, 3919
3921, 3922
3922, 3923
3921, 3923
3923, 3922
3923, 3921
3922, 3921
3924, 3925
3925, 3923
3924, 3923
3923, 3925
3923, 3924
3925, 3924
3926, 3927
3927, 3923
3926, 3923
3923, 3927
3923, 3926
3927, 3926
3928, 3929
3929, 3930
3928, 3930
3930, 3929
3930, 3928
3929, 3928
3931, 3932
3932, 3930
3931, 3930
3930, 3932
3930, 3931
3932, 3931
3933, 3934
3934, 3935
3933, 3935
3935, 3934
3935, 3933
3934, 3933
3936, 3937
3937, 3935
3936, 3935
3935, 3937
3935, 3936
3937, 3936
3938, 3939
3939, 3940
3938, 3940
3940, 3939
3940, 3938
3939, 3938
3941, 3942
3942, 3940
3941, 3940
3940, 3942
3940, 3941
3942, 3941
3943, 3944
3944, 3945
3943, 3945
3945, 3944
3945, 3943
3944, 3943
3946, 3947
3947, 3945
3946, 3945
3945, 3947
3945, 3946
3947, 3946
3948, 3949
3949, 3950
3948, 3950
3950, 3949
3950, 3948
3949, 3948
3951, 3952
3952, 3950
3951, 3950
3950, 3952
3950, 3951
3952, 3951
3953, 3954
3954, 3955
3953, 3955
3955, 3954
3955, 3953
3954, 3953
3956, 3957
3957, 3958
3956, 3958
3958, 3957
3958, 3956
3957, 3956
3959, 3960
3960, 3961
3959, 3961
3961, 3960
3961, 3959
3960, 3959
3962, 3963
3963, 3964
3962, 3964
3964, 3963
3964, 3962
3963, 3962
3965, 3966
3966, 3967
3965, 3967
3967, 3966
3967, 3965
3966, 3965
3968, 3969
3969, 3970
3968, 3970
3970, 3969
3970, 3968
3969, 3968
3971, 3972
3972, 3973
3971, 3973
3973, 3972
3973, 3971
3972, 3971
3974, 3975
3975, 3974
3976, 3977
3977, 3976
3978, 3979
3979, 3978
3980, 3981
3981, 3980
3982, 3983
3983, 3984
3982, 3984
3984, 3983
3984, 3982
3983, 3982
3985, 3986
3986, 3985
3987, 3988
3988, 3987
3989, 3990
3990, 3991
3989, 3991
3991, 3990
3991, 3989
3990, 3989
3992, 3993
3993, 3991
3992, 3991
3991, 3993
3991, 3992
3993, 3992
3994, 3995
3995, 3996
3994, 3996
3996, 3995
3996, 3994
3995, 3994
3997, 3998
3998, 3996
3997, 3996
3996, 3998
3996, 3997
3998, 3997
3999, 4000
4000, 4001
3999, 4001
4001, 4000
4001, 3999
4000, 3999
4002, 4003
4003, 4001
4002, 4001
4001, 4003
4001, 4002
4003, 4002
4004, 4005
4005, 4006
4004, 4006
4006, 4005
4006, 4004
4005, 4004
4007, 4008
4008, 4006
4007, 4006
4006, 4008
4006, 4007
4008, 4007
4009, 4010
4010, 4011
4009, 4011
4011, 4010
4011, 4009
4010, 4009
4012, 4013
4013, 4011
4012, 4011
4011, 4013
4011, 4012
4013, 4012
4014, 4015
4015, 4016
4014, 4016
4016, 4015
4016, 4014
4015, 4014
4017, 4018
4018, 4016
4017, 4016
4016, 4018
4016, 4017
4018, 4017
4019, 4020
4020, 4021
4019, 4021
4021, 4020
4021, 4019
4020, 4019
4022, 4023
4023, 4021
4022, 4021
4021, 4023
4021, 4022
4023, 4022
4024, 4025
4025, 4026
4024, 4026
4026, 4025
4026, 4024
4025, 4024
4027, 4028
4028, 4026
4027, 4026
4026, 4028
4026, 4027
4028, 4027
4029, 4030
4030, 4031
4029, 4031
4031, 4030
4031, 4029
4030, 4029
4032, 4033
4033, 4031
4032, 4031
4031, 4033
4031, 4032
4033, 4032
4034, 4035
4035, 4036
4034, 4036
4036, 4035
4036, 4034
4035, 4034
4037, 4038
4038, 4036
4037, 4036
4036, 4038
4036, 4037
4038, 4037
4039, 4040
4040, 4041
4039, 4041
4041, 4040
4041, 4039
4040, 4039
4042, 4043
4043, 4041
4042, 4041
4041, 4043
4041, 4042
4043, 4042
4044, 4045
4045, 4041
4044, 4041
4041, 4045
4041, 4044
4045, 4044
4046, 4047
4047, 4048
4046, 4048
4048, 4047
4048, 4046
4047, 4046
4049, 4050
4050, 4048
4049, 4048
4048, 4050
4048, 4049
4050, 4049
4051, 4052
4052, 4053
4051, 4053
4053, 4052
4053, 4051
4052, 4051
4054, 4055
4055, 4053
4054, 4053
4053, 4055
4053, 4054
4055, 4054
4056, 4057
4057, 4058
4056, 4058
4058, 4057
4058, 4056
4057, 4056
4059, 4060
4060, 4058
4059, 4058
4058, 4060
4058, 4059
4060, 4059
4061, 4062
4062, 4063
4061, 4063
4063, 4062
4063, 4061
4062, 4061
4064, 4065
4065, 4063
4064, 4063
4063, 4065
4063, 4064
4065, 4064
4066, 4067
4067, 4068
4066, 4068
4068, 4067
4068, 4066
4067, 4066
4069, 4070
4070, 4068
4069, 4068
4068, 4070
4068, 4069
4070, 4069
4071, 4072
4072, 4073
4071, 4073
4073, 4072
4073, 4071
4072, 4071
4074, 4075
4075, 4076
4074, 4076
4076, 4075
4076, 4074
4075, 4074
4077, 4078
4078, 4079
4077, 4079
4079, 4078
4079, 4077
4078, 4077
4080, 4081
4081, 4082
4080, 4082
4082, 4081
4082, 4080
4081, 4080
4083, 4084
4084, 4085
4083, 4085
4085, 4084
4085, 4083
4084, 4083
4086, 4087
4087, 4088
4086, 4088
4088, 4087
4088, 4086
4087, 4086
4089, 4090
4090, 4091
4089, 4091
4091, 4090
4091, 4089
4090, 4089
4092, 4093
4093, 4092
4094, 4095
4095, 4094
4096, 4097
4097, 4096
4098, 4099
4099, 4098
4100, 4101
4101, 4102
4100, 4102
4102, 4101
4102, 4100
4101, 4100
4103, 4104
4104, 4103
4105, 4106
4106, 4105
4107, 4108
4108, 4109
4107, 4109
4109, 4108
4109, 4107
4108, 4107
4110, 4111
4111, 4109
4110, 4109
4109, 4111
4109, 4110
4111, 4110
4112, 4113
4113, 4114
4112, 4114
4114, 4113
4114, 4112
4113, 4112
4115, 4116
4116, 4114
4115, 4114
4114, 4116
4114, 4115
4116, 4115