1, 2
2, 1
2, 3
3, 2
4, 5
5, 4
5, 6
6, 5
7, 8
8, 7
8, 9
9, 8
10, 11
11, 10
11, 12
12, 11
13, 14
14, 13
14, 15
15, 14
16, 17
17, 16
17, 18
18, 17
19, 20
20, 19
20, 21
21, 20
22, 23
23, 22
23, 24
24, 23
25, 26
26, 25
26, 27
27, 26
28, 29
29, 28
29, 30
30, 29
31, 32
32, 31
32, 33
33, 32
34, 35
35, 34
35, 36
36, 35
37, 38
38, 37
38, 39
39, 38
40, 41
41, 40
41, 42
42, 41
43, 44
44, 43
44, 45
45, 44
46, 47
47, 46
47, 48
48, 47
49, 50
50, 49
50, 51
51, 50
52, 53
53, 52
53, 54
54, 53
55, 56
56, 55
56, 57
57, 56
58, 59
59, 58
59, 60
60, 59
61, 62
62, 61
62, 63
63, 62
64, 65
65, 64
65, 66
66, 65
67, 68
68, 67
68, 69
69, 68
70, 71
71, 70
71, 72
72, 71
73, 74
74, 73
74, 75
75, 74
76, 77
77, 76
77, 78
78, 77
79, 80
80, 79
80, 81
81, 80
82, 83
83, 82
83, 84
84, 83
85, 86
86, 85
86, 87
87, 86
88, 89
89, 88
89, 90
90, 89
91, 92
92, 91
92, 93
93, 92
94, 95
95, 94
95, 96
96, 95
97, 98
98, 97
98, 99
99, 98
100, 101
101, 100
101, 102
102, 101
103, 104
104, 103
104, 105
105, 104
106, 107
107, 106
107, 108
108, 107
109, 110
110, 109
110, 111
111, 110
112, 113
113, 112
113, 114
114, 113
115, 116
116, 115
116, 117
117, 116
118, 119
119, 118
119, 120
120, 119
121, 122
122, 121
122, 123
123, 122
124, 125
125, 124
125, 126
126, 125
127, 128
128, 127
128, 129
129, 128
130, 131
131, 130
131, 132
132, 131
133, 134
134, 133
134, 135
135, 134
136, 137
137, 136
137, 138
138, 137
139, 140
140, 139
140, 141
141, 140
142, 143
143, 142
143, 144
144, 143
145, 146
146, 145
146, 147
147, 146
148, 149
149, 148
149, 150
150, 149
151, 152
152, 151
152, 153
153, 152
154, 155
155, 154
155, 156
156, 155
156, 157
157, 156
158, 159
159, 158
159, 160
160, 159
160, 161
161, 160
162, 163
163, 162
163, 164
164, 163
164, 165
165, 164
166, 167
167, 166
167, 168
168, 167
168, 169
169, 168
170, 171
171, 170
171, 172
172, 171
172, 173
173, 172
174, 175
175, 174
175, 176
176, 175
176, 177
177, 176
178, 179
179, 178
179, 180
180, 179
180, 181
181, 180
182, 183
183, 182
183, 184
184, 183
184, 185
185, 184
186, 187
187, 186
187, 188
188, 187
188, 189
189, 188
190, 191
191, 190
191, 192
192, 191
193, 194
194, 193
194, 195
195, 194
196, 197
197, 196
197, 198
198, 197
199, 200
200, 199
200, 201
201, 200
202, 203
203, 202
203, 204
204, 203
205, 206
206, 205
206, 207
207, 206
208, 209
209, 208
209, 210
210, 209
211, 212
212, 211
212, 213
213, 212
214, 215
215, 214
215, 216
216, 215
217, 218
218, 217
218, 219
219, 218
220, 221
221, 220
221, 222
222, 221
223, 224
224, 223
224, 225
225, 224
226, 227
227, 226
227, 228
228, 227
229, 230
230, 229
230, 231
231, 230
232, 233
233, 232
233, 234
234, 233
235, 236
236, 235
236, 237
237, 236
238, 239
239, 238
239, 240
240, 239
241, 242
242, 241
242, 243
243, 242
244, 245
245, 244
245, 246
246, 245
247, 248
248, 247
248, 249
249, 248
250, 251
251, 250
251, 252
252, 251
253, 254
254, 253
254, 255
255, 254
256, 257
257, 256
257, 258
258, 257
259, 260
260, 259
260, 261
261, 260
262, 263
263, 262
263, 264
264, 263
265, 266
266, 265
266, 267
267, 266
268, 269
269, 268
269, 270
270, 269
271, 272
272, 271
272, 273
273, 272
274, 275
275, 274
275, 276
276, 275
277, 278
278, 277
278, 279
279, 278
280, 281
281, 280
281, 282
282, 281
283, 284
284, 283
284, 285
285, 284
286, 287
287, 286
287, 288
288, 287
289, 290
290, 289
290, 291
291, 290
292, 293
293, 292
293, 294
294, 293
295, 296
296, 295
296, 297
297, 296
298, 299
299, 298
299, 300
300, 299
301, 302
302, 301
302, 303
303, 302
304, 305
305, 304
305, 306
306, 305
307, 308
308, 307
308, 309
309, 308
310, 311
311, 310
311, 312
312, 311
313, 314
314, 313
314, 315
315, 314
316, 317
317, 316
317, 318
318, 317
319, 320
320, 319
320, 321
321, 320
322, 323
323, 322
323, 324
324, 323
325, 326
326, 325
326, 327
327, 326
328, 329
329, 328
329, 330
330, 329
331, 332
332, 331
332, 333
333, 332
334, 335
335, 334
335, 336
336, 335
337, 338
338, 337
338, 339
339, 338
340, 341
341, 340
341, 342
342, 341
343, 344
344, 343
344, 345
345, 344
346, 347
347, 346
347, 348
348, 347
349, 350
350, 349
350, 351
351, 350
352, 353
353, 352
353, 354
354, 353
355, 356
356, 355
356, 357
357, 356
358, 359
359, 358
359, 360
360, 359
361, 362
362, 361
362, 363
363, 362
364, 365
365, 364
365, 366
366, 365
367, 368
368, 367
368, 369
369, 368
370, 371
371, 370
371, 372
372, 371
373, 374
374, 373
374, 375
375, 374
376, 377
377, 376
377, 378
378, 377
379, 380
380, 379
380, 381
381, 380
382, 383
383, 382
383, 384
384, 383
385, 386
386, 385
386, 387
387, 386
388, 389
389, 388
389, 390
390, 389
391, 392
392, 391
392, 393
393, 392
394, 395
395, 394
395, 396
396, 395
397, 398
398, 397
398, 399
399, 398
400, 401
401, 400
401, 402
402, 401
403, 404
404, 403
404, 405
405, 404
406, 407
407, 406
407, 408
408, 407
409, 410
410, 409
410, 411
411, 410
412, 413
413, 412
413, 414
414, 413
415, 416
416, 415
416, 417
417, 416
418, 419
419, 418
419, 420
420, 419
421, 422
422, 421
422, 423
423, 422
424, 425
425, 424
425, 426
426, 425
427, 428
428, 427
428, 429
429, 428
430, 431
431, 430
431, 432
432, 431
433, 434
434, 433
434, 435
435, 434
436, 437
437, 436
437, 438
438, 437
439, 440
440, 439
440, 441
441, 440
442, 443
443, 442
443, 444
444, 443
445, 446
446, 445
446, 447
447, 446
448, 449
449, 448
449, 450
450, 449
451, 452
452, 451
452, 453
453, 452
454, 455
455, 454
455, 456
456, 455
457, 458
458, 457
458, 459
459, 458
460, 461
461, 460
461, 462
462, 461
462, 463
463, 462
463, 464
464, 463
465, 466
466, 465
466, 467
467, 466
467, 468
468, 467
468, 469
469, 468
470, 471
471, 470
471, 472
472, 471
472, 473
473, 472
473, 474
474, 473
475, 476
476, 475
476, 477
477, 476
477, 478
478, 477
478, 479
479, 478
480, 481
481, 480
481, 482
482, 481
482, 483
483, 482
483, 484
484, 483
485, 486
486, 485
486, 487
487, 486
487, 488
488, 487
488, 489
489, 488
490, 491
491, 490
491, 492
492, 491
492, 493
493, 492
493, 494
494, 493
495, 496
496, 495
496, 497
497, 496
497, 498
498, 497
498, 499
499, 498
500, 501
501, 500
501, 502
502, 501
502, 503
503, 502
503, 504
504, 503
505, 506
506, 505
506, 507
507, 506
508, 509
509, 508
509, 510
510, 509
511, 512
512, 511
512, 513
513, 512
514, 515
515, 514
515, 516
516, 515
517, 518
518, 517
518, 519
519, 518
520, 521
521, 520
521, 522
522, 521
523, 524
524, 523
524, 525
525, 524
526, 527
527, 526
527, 528
528, 527
529, 530
530, 529
530, 531
531, 530
532, 533
533, 532
533, 534
534, 533
535, 536
536, 535
536, 537
537, 536
538, 539
539, 538
539, 540
540, 539
541, 542
542, 541
542, 543
543, 542
544, 545
545, 544
545, 546
546, 545
547, 548
548, 547
548, 549
549, 548
550, 551
551, 550
551, 552
552, 551
553, 554
554, 553
554, 555
555, 554
556, 557
557, 556
557, 558
558, 557
559, 560
560, 559
560, 561
561, 560
561, 562
562, 561
562, 563
563, 562
564, 565
565, 564
565, 566
566, 565
566, 567
567, 566
567, 568
568, 567
569, 570
570, 569
570, 571
571, 570
571, 572
572, 571
572, 573
573, 572
574, 575
575, 574
575, 576
576, 575
577, 578
578, 577
578, 579
579, 578
580, 581
581, 580
581, 582
582, 581
583, 584
584, 583
584, 585
585, 584
586, 587
587, 586
587, 588
588, 587
589, 590
590, 589
590, 591
591, 590
592, 593
593, 592
593, 594
594, 593
595, 596
596, 595
596, 597
597, 596
598, 599
599, 598
599, 600
600, 599
601, 602
602, 601
602, 603
603, 602
604, 605
605, 604
605, 606
606, 605
607, 608
608, 607
608, 609
609, 608
610, 611
611, 610
611, 612
612, 611
613, 614
614, 613
614, 615
615, 614
616, 617
617, 616
617, 618
618, 617
619, 620
620, 619
620, 621
621, 620
622, 623
623, 622
623, 624
624, 623
625, 626
626, 625
626, 627
627, 626
628, 629
629, 628
629, 630
630, 629
631, 632
632, 631
632, 633
633, 632
634, 635
635, 634
635, 636
636, 635
637, 638
638, 637
638, 639
639, 638
640, 641
641, 640
641, 642
642, 641
643, 644
644, 643
644, 645
645, 644
646, 647
647, 646
647, 648
648, 647
649, 650
650, 649
650, 651
651, 650
652, 653
653, 652
653, 654
654, 653
655, 656
656, 655
656, 657
657, 656
658, 659
659, 658
659, 660
660, 659
661, 662
662, 661
662, 663
663, 662
664, 665
665, 664
665, 666
666, 665
667, 668
668, 667
668, 669
669, 668
670, 671
671, 670
671, 672
672, 671
673, 674
674, 673
674, 675
675, 674
676, 677
677, 676
677, 678
678, 677
679, 680
680, 679
680, 681
681, 680
682, 683
683, 682
683, 684
684, 683
685, 686
686, 685
686, 687
687, 686
688, 689
689, 688
689, 690
690, 689
691, 692
692, 691
692, 693
693, 692
694, 695
695, 694
695, 696
696, 695
697, 698
698, 697
698, 699
699, 698
700, 701
701, 700
701, 702
702, 701
703, 704
704, 703
704, 705
705, 704
706, 707
707, 706
707, 708
708, 707
709, 710
710, 709
710, 711
711, 710
712, 713
713, 712
713, 714
714, 713
715, 716
716, 715
716, 717
717, 716
718, 719
719, 718
719, 720
720, 719
721, 722
722, 721
722, 723
723, 722
724, 725
725, 724
725, 726
726, 725
727, 728
728, 727
728, 729
729, 728
730, 731
731, 730
731, 732
732, 731
733, 734
734, 733
734, 735
735, 734
736, 737
737, 736
737, 738
738, 737
739, 740
740, 739
740, 741
741, 740
742, 743
743, 742
743, 744
744, 743
745, 746
746, 745
746, 747
747, 746
748, 749
749, 748
749, 750
750, 749
751, 752
752, 751
752, 753
753, 752
754, 755
755, 754
755, 756
756, 755
757, 758
758, 757
758, 759
759, 758
760, 761
761, 760
761, 762
762, 761
763, 764
764, 763
764, 765
765, 764
766, 767
767, 766
767, 768
768, 767
769, 770
770, 769
770, 771
771, 770
772, 773
773, 772
773, 774
774, 773
775, 776
776, 775
776, 777
777, 776
778, 779
779, 778
779, 780
780, 779
781, 782
782, 781
782, 783
783, 782
783, 784
784, 783
785, 786
786, 785
786, 787
787, 786
787, 788
788, 787
789, 790
790, 789
790, 791
791, 790
791, 792
792, 791
793, 794
794, 793
794, 795
795, 794
796, 797
797, 796
797, 798
798, 797
799, 800
800, 799
800, 801
801, 800
802, 803
803, 802
803, 804
804, 803
805, 806
806, 805
806, 807
807, 806
808, 809
809, 808
809, 810
810, 809
811, 812
812, 811
812, 813
813, 812
814, 815
815, 814
815, 816
816, 815
817, 818
818, 817
818, 819
819, 818
820, 821
821, 820
821, 822
822, 821
823, 824
824, 823
824, 825
825, 824
826, 827
827, 826
827, 828
828, 827
829, 830
830, 829
830, 831
831, 830
831, 832
832, 831
832, 833
833, 832
833, 834
834, 833
834, 835
835, 834
836, 837
837, 836
837, 838
838, 837
838, 839
839, 838
839, 840
840, 839
840, 841
841, 840
841, 842
842, 841
843, 844
844, 843
844, 845
845, 844
845, 846
846, 845
846, 847
847, 846
847, 848
848, 847
848, 849
849, 848
850, 851
851, 850
851, 852
852, 851
852, 853
853, 852
853, 854
854, 853
854, 855
855, 854
855, 856
856, 855
857, 858
858, 857
858, 859
859, 858
859, 860
860, 859
860, 861
861, 860
861, 862
862, 861
862, 863
863, 862
864, 865
865, 864
865, 866
866, 865
866, 867
867, 866
867, 868
868, 867
868, 869
869, 868
869, 870
870, 869
871, 872
872, 871
872, 873
873, 872
873, 874
874, 873
874, 875
875, 874
875, 876
876, 875
876, 877
877, 876
878, 879
879, 878
879, 880
880, 879
880, 881
881, 880
881, 882
882, 881
882, 883
883, 882
883, 884
884, 883
885, 886
886, 885
886, 887
887, 886
887, 888
888, 887
888, 889
889, 888
889, 890
890, 889
890, 891
891, 890
892, 893
893, 892
893, 894
894, 893
894, 895
895, 894
895, 896
896, 895
896, 897
897, 896
897, 898
898, 897
899, 900
900, 899
900, 901
901, 900
901, 902
902, 901
902, 903
903, 902
903, 904
904, 903
904, 905
905, 904
906, 907
907, 906
907, 908
908, 907
908, 909
909, 908
909, 910
910, 909
910, 911
911, 910
911, 912
912, 911
913, 914
914, 913
914, 915
915, 914
915, 916
916, 915
916, 917
917, 916
917, 918
918, 917
918, 919
919, 918
920, 921
921, 920
921, 922
922, 921
922, 923
923, 922
923, 924
924, 923
924, 925
925, 924
925, 926
926, 925
927, 928
928, 927
928, 929
929, 928
929, 930
930, 929
930, 931
931, 930
931, 932
932, 931
932, 933
933, 932
934, 935
935, 934
935, 936
936, 935
936, 937
937, 936
937, 938
938, 937
938, 939
939, 938
939, 940
940, 939
941, 942
942, 941
942, 943
943, 942
943, 944
944, 943
944, 945
945, 944
945, 946
946, 945
946, 947
947, 946
948, 949
949, 948
949, 950
950, 949
950, 951
951, 950
951, 952
952, 951
952, 953
953, 952
953, 954
954, 953
955, 956
956, 955
956, 957
957, 956
957, 958
958, 957
958, 959
959, 958
959, 960
960, 959
960, 961
961, 960
962, 963
963, 962
963, 964
964, 963
964, 965
965, 964
965, 966
966, 965
966, 967
967, 966
967, 968
968, 967
969, 970
970, 969
970, 971
971, 970
971, 972
972, 971
972, 973
973, 972
973, 974
974, 973
974, 975
975, 974
976, 977
977, 976
977, 978
978, 977
978, 979
979, 978
979, 980
980, 979
980, 981
981, 980
981, 982
982, 981
983, 984
984, 983
984, 985
985, 984
985, 986
986, 985
986, 987
987, 986
987, 988
988, 987
988, 989
989, 988
990, 991
991, 990
991, 992
992, 991
992, 993
993, 992
993, 994
994, 993
994, 995
995, 994
995, 996
996, 995
997, 998
998, 997
998, 999
999, 998
999, 1000
1000, 999
1000, 1001
1001, 1000
1001, 1002
1002, 1001
1002, 1003
1003, 1002
1004, 1005
1005, 1004
1005, 1006
1006, 1005
1006, 1007
1007, 1006
1007, 1008
1008, 1007
1008, 1009
1009, 1008
1009, 1010
1010, 1009
1011, 1012
1012, 1011
1012, 1013
1013, 1012
1013, 1014
1014, 1013
1014, 1015
1015, 1014
1015, 1016
1016, 1015
1016, 1017
1017, 1016
1018, 1019
1019, 1018
1019, 1020
1020, 1019
1020, 1021
1021, 1020
1021, 1022
1022, 1021
1022, 1023
1023, 1022
1023, 1024
1024, 1023
1025, 1026
1026, 1025
1026, 1027
1027, 1026
1027, 1028
1028, 1027
1028, 1029
1029, 1028
1029, 1030
1030, 1029
1030, 1031
1031, 1030
1032, 1033
1033, 1032
1033, 1034
1034, 1033
1034, 1035
1035, 1034
1035, 1036
1036, 1035
1036, 1037
1037, 1036
1037, 1038
1038, 1037
1039, 1040
1040, 1039
1040, 1041
1041, 1040
1041, 1042
1042, 1041
1042, 1043
1043, 1042
1043, 1044
1044, 1043
1044, 1045
1045, 1044
1046, 1047
1047, 1046
1047, 1048
1048, 1047
1048, 1049
1049, 1048
1049, 1050
1050, 1049
1050, 1051
1051, 1050
1051, 1052
1052, 1051
1053, 1054
1054, 1053
1054, 1055
1055, 1054
1055, 1056
1056, 1055
1056, 1057
1057, 1056
1057, 1058
1058, 1057
1058, 1059
1059, 1058
1060, 1061
1061, 1060
1061, 1062
1062, 1061
1062, 1063
1063, 1062
1063, 1064
1064, 1063
1064, 1065
1065, 1064
1065, 1066
1066, 1065
1067, 1068
1068, 1067
1068, 1069
1069, 1068
1069, 1070
1070, 1069
1070, 1071
1071, 1070
1071, 1072
1072, 1071
1072, 1073
1073, 1072
1074, 1075
1075, 1074
1075, 1076
1076, 1075
1076, 1077
1077, 1076
1077, 1078
1078, 1077
1078, 1079
1079, 1078
1079, 1080
1080, 1079
1081, 1082
1082, 1081
1082, 1083
1083, 1082
1083, 1084
1084, 1083
1084, 1085
1085, 1084
1085, 1086
1086, 1085
1086, 1087
1087, 1086
1088, 1089
1089, 1088
1089, 1090
1090, 1089
1090, 1091
1091, 1090
1091, 1092
1092, 1091
1092, 1093
1093, 1092
1093, 1094
1094, 1093
1095, 1096
1096, 1095
1096, 1097
1097, 1096
1097, 1098
1098, 1097
1098, 1099
1099, 1098
1099, 1100
1100, 1099
1100, 1101
1101, 1100
1102, 1103
1103, 1102
1103, 1104
1104, 1103
1104, 1105
1105, 1104
1105, 1106
1106, 1105
1106, 1107
1107, 1106
1107, 1108
1108, 1107
1109, 1110
1110, 1109
1110, 1111
1111, 1110
1111, 1112
1112, 1111
1112, 1113
1113, 1112
1113, 1114
1114, 1113
1114, 1115
1115, 1114
1116, 1117
1117, 1116
1117, 1118
1118, 1117
1118, 1119
1119, 1118
1119, 1120
1120, 1119
1120, 1121
1121, 1120
1121, 1122
1122, 1121
1123, 1124
1124, 1123
1124, 1125
1125, 1124
1125, 1126
1126, 1125
1126, 1127
1127, 1126
1127, 1128
1128, 1127
1128, 1129
1129, 1128
1130, 1131
1131, 1130
1131, 1132
1132, 1131
1132, 1133
1133, 1132
1133, 1134
1134, 1133
1134, 1135
1135, 1134
1135, 1136
1136, 1135
1137, 1138
1138, 1137
1138, 1139
1139, 1138
1139, 1140
1140, 1139
1140, 1141
1141, 1140
1141, 1142
1142, 1141
1142, 1143
1143, 1142
1144, 1145
1145, 1144
1145, 1146
1146, 1145
1146, 1147
1147, 1146
1147, 1148
1148, 1147
1148, 1149
1149, 1148
1149, 1150
1150, 1149
1151, 1152
1152, 1151
1152, 1153
1153, 1152
1153, 1154
1154, 1153
1154, 1155
1155, 1154
1155, 1156
1156, 1155
1156, 1157
1157, 1156
1158, 1159
1159, 1158
1159, 1160
1160, 1159
1160, 1161
1161, 1160
1161, 1162
1162, 1161
1162, 1163
1163, 1162
1163, 1164
1164, 1163
1165, 1166
1166, 1165
1166, 1167
1167, 1166
1167, 1168
1168, 1167
1168, 1169
1169, 1168
1169, 1170
1170, 1169
1170, 1171
1171, 1170
1172, 1173
1173, 1172
1173, 1174
1174, 1173
1174, 1175
1175, 1174
1175, 1176
1176, 1175
1176, 1177
1177, 1176
1177, 1178
1178, 1177
1179, 1180
1180, 1179
1180, 1181
1181, 1180
1181, 1182
1182, 1181
1182, 1183
1183, 1182
1183, 1184
1184, 1183
1184, 1185
1185, 1184
1186, 1187
1187, 1186
1187, 1188
1188, 1187
1188, 1189
1189, 1188
1189, 1190
1190, 1189
1190, 1191
1191, 1190
1191, 1192
1192, 1191
1193, 1194
1194, 1193
1194, 1195
1195, 1194
1195, 1196
1196, 1195
1196, 1197
1197, 1196
1197, 1198
1198, 1197
1198, 1199
1199, 1198
1200, 1201
1201, 1200
1201, 1202
1202, 1201
1202, 1203
1203, 1202
1203, 1204
1204, 1203
1204, 1205
1205, 1204
1205, 1206
1206, 1205
1207, 1208
1208, 1207
1208, 1209
1209, 1208
1209, 1210
1210, 1209
1210, 1211
1211, 1210
1211, 1212
1212, 1211
1212, 1213
1213, 1212
1214, 1215
1215, 1214
1215, 1216
1216, 1215
1216, 1217
1217, 1216
1217, 1218
1218, 1217
1218, 1219
1219, 1218
1219, 1220
1220, 1219
1221, 1222
1222, 1221
1222, 1223
1223, 1222
1223, 1224
1224, 1223
1224, 1225
1225, 1224
1225, 1226
1226, 1225
1226, 1227
1227, 1226
1228, 1229
1229, 1228
1229, 1230
1230, 1229
1230, 1231
1231, 1230
1231, 1232
1232, 1231
1232, 1233
1233, 1232
1233, 1234
1234, 1233
1235, 1236
1236, 1235
1236, 1237
1237, 1236
1237, 1238
1238, 1237
1238, 1239
1239, 1238
1239, 1240
1240, 1239
1240, 1241
1241, 1240
1242, 1243
1243, 1242
1243, 1244
1244, 1243
1244, 1245
1245, 1244
1245, 1246
1246, 1245
1246, 1247
1247, 1246
1247, 1248
1248, 1247
1249, 1250
1250, 1249
1250, 1251
1251, 1250
1251, 1252
1252, 1251
1252, 1253
1253, 1252
1253, 1254
1254, 1253
1254, 1255
1255, 1254
1256, 1257
1257, 1256
1257, 1258
1258, 1257
1258, 1259
1259, 1258
1259, 1260
1260, 1259
1260, 1261
1261, 1260
1261, 1262
1262, 1261
1263, 1264
1264, 1263
1264, 1265
1265, 1264
1265, 1266
1266, 1265
1266, 1267
1267, 1266
1267, 1268
1268, 1267
1268, 1269
1269, 1268
1270, 1271
1271, 1270
1271, 1272
1272, 1271
1272, 1273
1273, 1272
1273, 1274
1274, 1273
1274, 1275
1275, 1274
1275, 1276
1276, 1275
1277, 1278
1278, 1277
1278, 1279
1279, 1278
1279, 1280
1280, 1279
1280, 1281
1281, 1280
1281, 1282
1282, 1281
1282, 1283
1283, 1282
1284, 1285
1285, 1284
1285, 1286
1286, 1285
1286, 1287
1287, 1286
1287, 1288
1288, 1287
1288, 1289
1289, 1288
1289, 1290
1290, 1289
1291, 1292
1292, 1291
1292, 1293
1293, 1292
1293, 1294
1294, 1293
1294, 1295
1295, 1294
1295, 1296
1296, 1295
1296, 1297
1297, 1296
1298, 1299
1299, 1298
1299, 1300
1300, 1299
1300, 1301
1301, 1300
1301, 1302
1302, 1301
1302, 1303
1303, 1302
1303, 1304
1304, 1303
1305, 1306
1306, 1305
1306, 1307
1307, 1306
1307, 1308
1308, 1307
1308, 1309
1309, 1308
1309, 1310
1310, 1309
1310, 1311
1311, 1310
1312, 1313
1313, 1312
1313, 1314
1314, 1313
1314, 1315
1315, 1314
1315, 1316
1316, 1315
1316, 1317
1317, 1316
1317, 1318
1318, 1317
1319, 1320
1320, 1319
1320, 1321
1321, 1320
1321, 1322
1322, 1321
1322, 1323
1323, 1322
1323, 1324
1324, 1323
1324, 1325
1325, 1324
1326, 1327
1327, 1326
1327, 1328
1328, 1327
1328, 1329
1329, 1328
1329, 1330
1330, 1329
1330, 1331
1331, 1330
1331, 1332
1332, 1331
1333, 1334
1334, 1333
1334, 1335
1335, 1334
1335, 1336
1336, 1335
1336, 1337
1337, 1336
1337, 1338
1338, 1337
1338, 1339
1339, 1338
1340, 1341
1341, 1340
1341, 1342
1342, 1341
1342, 1343
1343, 1342
1343, 1344
1344, 1343
1344, 1345
1345, 1344
1345, 1346
1346, 1345
1347, 1348
1348, 1347
1348, 1349
1349, 1348
1349, 1350
1350, 1349
1350, 1351
1351, 1350
1351, 1352
1352, 1351
1352, 1353
1353, 1352
1354, 1355
1355, 1354
1355, 1356
1356, 1355
1356, 1357
1357, 1356
1357, 1358
1358, 1357
1358, 1359
1359, 1358
1359, 1360
1360, 1359
1361, 1362
1362, 1361
1362, 1363
1363, 1362
1363, 1364
1364, 1363
1364, 1365
1365, 1364
1365, 1366
1366, 1365
1366, 1367
1367, 1366
1368, 1369
1369, 1368
1369, 1370
1370, 1369
1370, 1371
1371, 1370
1371, 1372
1372, 1371
1372, 1373
1373, 1372
1373, 1374
1374, 1373
1375, 1376
1376, 1375
1376, 1377
1377, 1376
1377, 1378
1378, 1377
1378, 1379
1379, 1378
1379, 1380
1380, 1379
1380, 1381
1381, 1380
1382, 1383
1383, 1382
1383, 1384
1384, 1383
1384, 1385
1385, 1384
1385, 1386
1386, 1385
1386, 1387
1387, 1386
1387, 1388
1388, 1387
1389, 1390
1390, 1389
1390, 1391
1391, 1390
1391, 1392
1392, 1391
1392, 1393
1393, 1392
1393, 1394
1394, 1393
1394, 1395
1395, 1394
1396, 1397
1397, 1396
1397, 1398
1398, 1397
1398, 1399
1399, 1398
1399, 1400
1400, 1399
1400, 1401
1401, 1400
1401, 1402
1402, 1401
1403, 1404
1404, 1403
1404, 1405
1405, 1404
1405, 1406
1406, 1405
1406, 1407
1407, 1406
1407, 1408
1408, 1407
1408, 1409
1409, 1408
1410, 1411
1411, 1410
1411, 1412
1412, 1411
1412, 1413
1413, 1412
1413, 1414
1414, 1413
1414, 1415
1415, 1414
1415, 1416
1416, 1415
1417, 1418
1418, 1417
1418, 1419
1419, 1418
1419, 1420
1420, 1419
1420, 1421
1421, 1420
1421, 1422
1422, 1421
1422, 1423
1423, 1422
1424, 1425
1425, 1424
1425, 1426
1426, 1425
1426, 1427
1427, 1426
1427, 1428
1428, 1427
1428, 1429
1429, 1428
1429, 1430
1430, 1429
1431, 1432
1432, 1431
1432, 1433
1433, 1432
1433, 1434
1434, 1433
1434, 1435
1435, 1434
1435, 1436
1436, 1435
1436, 1437
1437, 1436
1438, 1439
1439, 1438
1439, 1440
1440, 1439
1440, 1441
1441, 1440
1441, 1442
1442, 1441
1442, 1443
1443, 1442
1443, 1444
1444, 1443
1445, 1446
1446, 1445
1446, 1447
1447, 1446
1447, 1448
1448, 1447
1448, 1449
1449, 1448
1449, 1450
1450, 1449
1450, 1451
1451, 1450
1452, 1453
1453, 1452
1453, 1454
1454, 1453
1454, 1455
1455, 1454
1455, 1456
1456, 1455
1456, 1457
1457, 1456
1457, 1458
1458, 1457
1459, 1460
1460, 1459
1460, 1461
1461, 1460
1461, 1462
1462, 1461
1462, 1463
1463, 1462
1464, 1465
1465, 1464
1465, 1466
1466, 1465
1466, 1467
1467, 1466
1467, 1468
1468, 1467
1469, 1470
1470, 1469
1470, 1471
1471, 1470
1471, 1472
1472, 1471
1472, 1473
1473, 1472
1474, 1475
1475, 1474
1475, 1476
1476, 1475
1477, 1478
1478, 1477
1478, 1479
1479, 1478
1480, 1481
1481, 1480
1481, 1482
1482, 1481
1483, 1484
1484, 1483
1484, 1485
1485, 1484
1486, 1487
1487, 1486
1487, 1488
1488, 1487
1489, 1490
1490, 1489
1490, 1491
1491, 1490
1492, 1493
1493, 1492
1493, 1494
1494, 1493
1495, 1496
1496, 1495
1496, 1497
1497, 1496
1498, 1499
1499, 1498
1499, 1500
1500, 1499
1501, 1502
1502, 1501
1502, 1503
1503, 1502
1504, 1505
1505, 1504
1505, 1506
1506, 1505
1507, 1508
1508, 1507
1508, 1509
1509, 1508
1510, 1511
1511, 1510
1511, 1512
1512, 1511
1513, 1514
1514, 1513
1514, 1515
1515, 1514
1516, 1517
1517, 1516
1517, 1518
1518, 1517
1519, 1520
1520, 1519
1520, 1521
1521, 1520
1522, 1523
1523, 1522
1523, 1524
1524, 1523
1525, 1526
1526, 1525
1526, 1527
1527, 1526
1528, 1529
1529, 1528
1529, 1530
1530, 1529
1531, 1532
1532, 1531
1532, 1533
1533, 1532
1534, 1535
1535, 1534
1535, 1536
1536, 1535
1537, 1538
1538, 1537
1538, 1539
1539, 1538
1540, 1541
1541, 1540
1541, 1542
1542, 1541
1543, 1544
1544, 1543
1544, 1545
1545, 1544
1546, 1547
1547, 1546
1547, 1548
1548, 1547
1549, 1550
1550, 1549
1550, 1551
1551, 1550
1552, 1553
1553, 1552
1553, 1554
1554, 1553
1555, 1556
1556, 1555
1556, 1557
1557, 1556
1558, 1559
1559, 1558
1559, 1560
1560, 1559
1561, 1562
1562, 1561
1562, 1563
1563, 1562
1564, 1565
1565, 1564
1565, 1566
1566, 1565
1567, 1568
1568, 1567
1568, 1569
1569, 1568
1570, 1571
1571, 1570
1571, 1572
1572, 1571
1573, 1574
1574, 1573
1574, 1575
1575, 1574
1576, 1577
1577, 1576
1577, 1578
1578, 1577
1579, 1580
1580, 1579
1580, 1581
1581, 1580
1582, 1583
1583, 1582
1583, 1584
1584, 1583
1585, 1586
1586, 1585
1586, 1587
1587, 1586
1588, 1589
1589, 1588
1589, 1590
1590, 1589
1591, 1592
1592, 1591
1592, 1593
1593, 1592
1594, 1595
1595, 1594
1595, 1596
1596, 1595
1597, 1598
1598, 1597
1598, 1599
1599, 1598
1600, 1601
1601, 1600
1601, 1602
1602, 1601
1603, 1604
1604, 1603
1604, 1605
1605, 1604
1606, 1607
1607, 1606
1607, 1608
1608, 1607
1609, 1610
1610, 1609
1610, 1611
1611, 1610
1612, 1613
1613, 1612
1613, 1614
1614, 1613
1615, 1616
1616, 1615
1616, 1617
1617, 1616
1618, 1619
1619, 1618
1619, 1620
1620, 1619
1621, 1622
1622, 1621
1622, 1623
1623, 1622
1624, 1625
1625, 1624
1625, 1626
1626, 1625
1627, 1628
1628, 1627
1628, 1629
1629, 1628
1630, 1631
1631, 1630
1631, 1632
1632, 1631
1633, 1634
1634, 1633
1634, 1635
1635, 1634
1636, 1637
1637, 1636
1637, 1638
1638, 1637
1639, 1640
1640, 1639
1640, 1641
1641, 1640
1642, 1643
1643, 1642
1643, 1644
1644, 1643
1645, 1646
1646, 1645
1646, 1647
1647, 1646
1648, 1649
1649, 1648
1649, 1650
1650, 1649
1651, 1652
1652, 1651
1652, 1653
1653, 1652
1654, 1655
1655, 1654
1655, 1656
1656, 1655
1657, 1658
1658, 1657
1658, 1659
1659, 1658
1660, 1661
1661, 1660
1661, 1662
1662, 1661
1663, 1664
1664, 1663
1664, 1665
1665, 1664
1666, 1667
1667, 1666
1667, 1668
1668, 1667
1669, 1670
1670, 1669
1670, 1671
1671, 1670
1672, 1673
1673, 1672
1673, 1674
1674, 1673
1675, 1676
1676, 1675
1676, 1677
1677, 1676
1678, 1679
1679, 1678
1679, 1680
1680, 1679
1681, 1682
1682, 1681
1682, 1683
1683, 1682
1684, 1685
1685, 1684
1685, 1686
1686, 1685
1687, 1688
1688, 1687
1688, 1689
1689, 1688
1690, 1691
1691, 1690
1691, 1692
1692, 1691
1693, 1694
1694, 1693
1694, 1695
1695, 1694
1696, 1697
1697, 1696
1697, 1698
1698, 1697
1699, 1700
1700, 1699
1700, 1701
1701, 1700
1702, 1703
1703, 1702
1703, 1704
1704, 1703
1705, 1706
1706, 1705
1706, 1707
1707, 1706
1708, 1709
1709, 1708
1709, 1710
1710, 1709
1711, 1712
1712, 1711
1712, 1713
1713, 1712
1714, 1715
1715, 1714
1715, 1716
1716, 1715
1717, 1718
1718, 1717
1718, 1719
1719, 1718
1720, 1721
1721, 1720
1721, 1722
1722, 1721
1723, 1724
1724, 1723
1724, 1725
1725, 1724
1726, 1727
1727, 1726
1727, 1728
1728, 1727
1729, 1730
1730, 1729
1730, 1731
1731, 1730
1732, 1733
1733, 1732
1733, 1734
1734, 1733
1735, 1736
1736, 1735
1736, 1737
1737, 1736
1738, 1739
1739, 1738
1739, 1740
1740, 1739
1741, 1742
1742, 1741
1742, 1743
1743, 1742
1744, 1745
1745, 1744
1745, 1746
1746, 1745
1747, 1748
1748, 1747
1748, 1749
1749, 1748
1750, 1751
1751, 1750
1751, 1752
1752, 1751
1753, 1754
1754, 1753
1754, 1755
1755, 1754
1756, 1757
1757, 1756
1757, 1758
1758, 1757
1759, 1760
1760, 1759
1760, 1761
1761, 1760
1762, 1763
1763, 1762
1763, 1764
1764, 1763
1765, 1766
1766, 1765
1766, 1767
1767, 1766
1768, 1769
1769, 1768
1769, 1770
1770, 1769
1771, 1772
1772, 1771
1772, 1773
1773, 1772
1774, 1775
1775, 1774
1775, 1776
1776, 1775
1777, 1778
1778, 1777
1778, 1779
1779, 1778
1780, 1781
1781, 1780
1781, 1782
1782, 1781
1783, 1784
1784, 1783
1784, 1785
1785, 1784
1786, 1787
1787, 1786
1787, 1788
1788, 1787
1789, 1790
1790, 1789
1790, 1791
1791, 1790
1792, 1793
1793, 1792
1793, 1794
1794, 1793
1795, 1796
1796, 1795
1796, 1797
1797, 1796
1798, 1799
1799, 1798
1799, 1800
1800, 1799
1801, 1802
1802, 1801
1802, 1803
1803, 1802
1804, 1805
1805, 1804
1805, 1806
1806, 1805
1807, 1808
1808, 1807
1808, 1809
1809, 1808
1810, 1811
1811, 1810
1811, 1812
1812, 1811
1813, 1814
1814, 1813
1814, 1815
1815, 1814
1816, 1817
1817, 1816
1817, 1818
1818, 1817
1819, 1820
1820, 1819
1820, 1821
1821, 1820
1822, 1823
1823, 1822
1823, 1824
1824, 1823
1825, 1826
1826, 1825
1826, 1827
1827, 1826
1828, 1829
1829, 1828
1829, 1830
1830, 1829
1831, 1832
1832, 1831
1832, 1833
1833, 1832
1834, 1835
1835, 1834
1835, 1836
1836, 1835
1837, 1838
1838, 1837
1838, 1839
1839, 1838
1840, 1841
1841, 1840
1841, 1842
1842, 1841
1843, 1844
1844, 1843
1844, 1845
1845, 1844
1846, 1847
1847, 1846
1847, 1848
1848, 1847
1849, 1850
1850, 1849
1850, 1851
1851, 1850
1852, 1853
1853, 1852
1853, 1854
1854, 1853
1855, 1856
1856, 1855
1856, 1857
1857, 1856
1858, 1859
1859, 1858
1859, 1860
1860, 1859
1861, 1862
1862, 1861
1862, 1863
1863, 1862
1864, 1865
1865, 1864
1865, 1866
1866, 1865
1867, 1868
1868, 1867
1868, 1869
1869, 1868
1870, 1871
1871, 1870
1871, 1872
1872, 1871
1873, 1874
1874, 1873
1874, 1875
1875, 1874
1876, 1877
1877, 1876
1877, 1878
1878, 1877
1879, 1880
1880, 1879
1880, 1881
1881, 1880
1882, 1883
1883, 1882
1883, 1884
1884, 1883
1885, 1886
1886, 1885
1886, 1887
1887, 1886
1888, 1889
1889, 1888
1889, 1890
1890, 1889
1891, 1892
1892, 1891
1892, 1893
1893, 1892
1894, 1895
1895, 1894
1895, 1896
1896, 1895
1897, 1898
1898, 1897
1898, 1899
1899, 1898
1900, 1901
1901, 1900
1901, 1902
1902, 1901
1903, 1904
1904, 1903
1904, 1905
1905, 1904
1906, 1907
1907, 1906
1907, 1908
1908, 1907
1909, 1910
1910, 1909
1910, 1911
1911, 1910
1912, 1913
1913, 1912
1913, 1914
1914, 1913
1915, 1916
1916, 1915
1916, 1917
1917, 1916
1918, 1919
1919, 1918
1919, 1920
1920, 1919
1921, 1922
1922, 1921
1922, 1923
1923, 1922
1924, 1925
1925, 1924
1925, 1926
1926, 1925
1927, 1928
1928, 1927
1928, 1929
1929, 1928
1930, 1931
1931, 1930
1931, 1932
1932, 1931
1933, 1934
1934, 1933
1934, 1935
1935, 1934
1936, 1937
1937, 1936
1937, 1938
1938, 1937
1939, 1940
1940, 1939
1940, 1941
1941, 1940
1942, 1943
1943, 1942
1943, 1944
1944, 1943
1945, 1946
1946, 1945
1946, 1947
1947, 1946
1948, 1949
1949, 1948
1949, 1950
1950, 1949
1951, 1952
1952, 1951
1952, 1953
1953, 1952
1954, 1955
1955, 1954
1955, 1956
1956, 1955
1957, 1958
1958, 1957
1958, 1959
1959, 1958
1960, 1961
1961, 1960
1961, 1962
1962, 1961
1963, 1964
1964, 1963
1964, 1965
1965, 1964
1966, 1967
1967, 1966
1967, 1968
1968, 1967
1969, 1970
1970, 1969
1970, 1971
1971, 1970
1972, 1973
1973, 1972
1973, 1974
1974, 1973
1975, 1976
1976, 1975
1976, 1977
1977, 1976
1978, 1979
1979, 1978
1979, 1980
1980, 1979
1981, 1982
1982, 1981
1982, 1983
1983, 1982
1984, 1985
1985, 1984
1985, 1986
1986, 1985
1987, 1988
1988, 1987
1988, 1989
1989, 1988
1990, 1991
1991, 1990
1991, 1992
1992, 1991
1993, 1994
1994, 1993
1994, 1995
1995, 1994
1996, 1997
1997, 1996
1997, 1998
1998, 1997
1999, 2000
2000, 1999
2000, 2001
2001, 2000
2002, 2003
2003, 2002
2003, 2004
2004, 2003
2005, 2006
2006, 2005
2006, 2007
2007, 2006
2008, 2009
2009, 2008
2009, 2010
2010, 2009
2011, 2012
2012, 2011
2012, 2013
2013, 2012
2014, 2015
2015, 2014
2015, 2016
2016, 2015
2017, 2018
2018, 2017
2018, 2019
2019, 2018
2020, 2021
2021, 2020
2021, 2022
2022, 2021
2023, 2024
2024, 2023
2024, 2025
2025, 2024
2026, 2027
2027, 2026
2027, 2028
2028, 2027
2029, 2030
2030, 2029
2030, 2031
2031, 2030
2032, 2033
2033, 2032
2033, 2034
2034, 2033
2035, 2036
2036, 2035
2036, 2037
2037, 2036
2038, 2039
2039, 2038
2039, 2040
2040, 2039
2041, 2042
2042, 2041
2042, 2043
2043, 2042
2044, 2045
2045, 2044
2045, 2046
2046, 2045
2047, 2048
2048, 2047
2048, 2049
2049, 2048
2050, 2051
2051, 2050
2051, 2052
2052, 2051
2053, 2054
2054, 2053
2054, 2055
2055, 2054
2056, 2057
2057, 2056
2057, 2058
2058, 2057
2059, 2060
2060, 2059
2060, 2061
2061, 2060
2062, 2063
2063, 2062
2063, 2064
2064, 2063
2065, 2066
2066, 2065
2066, 2067
2067, 2066
2068, 2069
2069, 2068
2069, 2070
2070, 2069
2071, 2072
2072, 2071
2072, 2073
2073, 2072
2074, 2075
2075, 2074
2075, 2076
2076, 2075
2077, 2078
2078, 2077
2078, 2079
2079, 2078
2080, 2081
2081, 2080
2081, 2082
2082, 2081
2083, 2084
2084, 2083
2084, 2085
2085, 2084
2086, 2087
2087, 2086
2087, 2088
2088, 2087
2089, 2090
2090, 2089
2090, 2091
2091, 2090
2092, 2093
2093, 2092
2093, 2094
2094, 2093
2095, 2096
2096, 2095
2096, 2097
2097, 2096
2098, 2099
2099, 2098
2099, 2100
2100, 2099
2101, 2102
2102, 2101
2102, 2103
2103, 2102
2104, 2105
2105, 2104
2105, 2106
2106, 2105
2107, 2108
2108, 2107
2108, 2109
2109, 2108
2110, 2111
2111, 2110
2111, 2112
2112, 2111
2113, 2114
2114, 2113
2114, 2115
2115, 2114
2116, 2117
2117, 2116
2117, 2118
2118, 2117
2119, 2120
2120, 2119
2120, 2121
2121, 2120
2122, 2123
2123, 2122
2123, 2124
2124, 2123
2125, 2126
2126, 2125
2126, 2127
2127, 2126
2128, 2129
2129, 2128
2129, 2130
2130, 2129
2131, 2132
2132, 2131
2132, 2133
2133, 2132
2134, 2135
2135, 2134
2135, 2136
2136, 2135
2137, 2138
2138, 2137
2138, 2139
2139, 2138
2140, 2141
2141, 2140
2141, 2142
2142, 2141
2142, 2143
2143, 2142
2143, 2144
2144, 2143
2144, 2145
2145, 2144
2145, 2146
2146, 2145
2147, 2148
2148, 2147
2148, 2149
2149, 2148
2149, 2150
2150, 2149
2150, 2151
2151, 2150
2151, 2152
2152, 2151
2152, 2153
2153, 2152
2154, 2155
2155, 2154
2155, 2156
2156, 2155
2156, 2157
2157, 2156
2157, 2158
2158, 2157
2158, 2159
2159, 2158
2159, 2160
2160, 2159
2161, 2162
2162, 2161
2162, 2163
2163, 2162
2164, 2165
2165, 2164
2165, 2166
2166, 2165
2167, 2168
2168, 2167
2168, 2169
2169, 2168
2170, 2171
2171, 2170
2171, 2172
2172, 2171
2173, 2174
2174, 2173
2174, 2175
2175, 2174
2176, 2177
2177, 2176
2177, 2178
2178, 2177
2179, 2180
2180, 2179
2180, 2181
2181, 2180
2182, 2183
2183, 2182
2183, 2184
2184, 2183
2185, 2186
2186, 2185
2186, 2187
2187, 2186
2188, 2189
2189, 2188
2189, 2190
2190, 2189
2191, 2192
2192, 2191
2192, 2193
2193, 2192
2194, 2195
2195, 2194
2195, 2196
2196, 2195
2197, 2198
2198, 2197
2198, 2199
2199, 2198
2200, 2201
2201, 2200
2201, 2202
2202, 2201
2203, 2204
2204, 2203
2204, 2205
2205, 2204
2206, 2207
2207, 2206
2207, 2208
2208, 2207
2209, 2210
2210, 2209
2210, 2211
2211, 2210
2212, 2213
2213, 2212
2213, 2214
2214, 2213
2215, 2216
2216, 2215
2216, 2217
2217, 2216
2218, 2219
2219, 2218
2219, 2220
2220, 2219
2221, 2222
2222, 2221
2222, 2223
2223, 2222
2224, 2225
2225, 2224
2225, 2226
2226, 2225
2227, 2228
2228, 2227
2228, 2229
2229, 2228
2230, 2231
2231, 2230
2231, 2232
2232, 2231
2233, 2234
2234, 2233
2234, 2235
2235, 2234
2235, 2236
2236, 2235
2237, 2238
2238, 2237
2238, 2239
2239, 2238
2239, 2240
2240, 2239
2241, 2242
2242, 2241
2242, 2243
2243, 2242
2243, 2244
2244, 2243
2245, 2246
2246, 2245
2246, 2247
2247, 2246
2247, 2248
2248, 2247
2249, 2250
2250, 2249
2250, 2251
2251, 2250
2251, 2252
2252, 2251
2253, 2254
2254, 2253
2254, 2255
2255, 2254
2255, 2256
2256, 2255
2257, 2258
2258, 2257
2258, 2259
2259, 2258
2259, 2260
2260, 2259
2261, 2262
2262, 2261
2262, 2263
2263, 2262
2263, 2264
2264, 2263
2265, 2266
2266, 2265
2266, 2267
2267, 2266
2267, 2268
2268, 2267
2269, 2270
2270, 2269
2270, 2271
2271, 2270
2271, 2272
2272, 2271
2273, 2274
2274, 2273
2274, 2275
2275, 2274
2275, 2276
2276, 2275
2277, 2278
2278, 2277
2278, 2279
2279, 2278
2279, 2280
2280, 2279
2281, 2282
2282, 2281
2282, 2283
2283, 2282
2283, 2284
2284, 2283
2285, 2286
2286, 2285
2286, 2287
2287, 2286
2287, 2288
2288, 2287
2289, 2290
2290, 2289
2290, 2291
2291, 2290
2291, 2292
2292, 2291
2293, 2294
2294, 2293
2294, 2295
2295, 2294
2295, 2296
2296, 2295
2297, 2298
2298, 2297
2298, 2299
2299, 2298
2299, 2300
2300, 2299
2301, 2302
2302, 2301
2302, 2303
2303, 2302
2303, 2304
2304, 2303
2305, 2306
2306, 2305
2306, 2307
2307, 2306
2307, 2308
2308, 2307
2309, 2310
2310, 2309
2310, 2311
2311, 2310
2311, 2312
2312, 2311
2313, 2314
2314, 2313
2314, 2315
2315, 2314
2315, 2316
2316, 2315
2317, 2318
2318, 2317
2318, 2319
2319, 2318
2319, 2320
2320, 2319
2321, 2322
2322, 2321
2322, 2323
2323, 2322
2323, 2324
2324, 2323
2325, 2326
2326, 2325
2326, 2327
2327, 2326
2327, 2328
2328, 2327
2329, 2330
2330, 2329
2330, 2331
2331, 2330
2331, 2332
2332, 2331
2333, 2334
2334, 2333
2334, 2335
2335, 2334
2335, 2336
2336, 2335
2337, 2338
2338, 2337
2338, 2339
2339, 2338
2339, 2340
2340, 2339
2341, 2342
2342, 2341
2342, 2343
2343, 2342
2343, 2344
2344, 2343
2345, 2346
2346, 2345
2346, 2347
2347, 2346
2347, 2348
2348, 2347
2349, 2350
2350, 2349
2350, 2351
2351, 2350
2351, 2352
2352, 2351
2353, 2354
2354, 2353
2354, 2355
2355, 2354
2355, 2356
2356, 2355
2357, 2358
2358, 2357
2358, 2359
2359, 2358
2359, 2360
2360, 2359
2361, 2362
2362, 2361
2362, 2363
2363, 2362
2363, 2364
2364, 2363
2365, 2366
2366, 2365
2366, 2367
2367, 2366
2367, 2368
2368, 2367
2369, 2370
2370, 2369
2370, 2371
2371, 2370
2371, 2372
2372, 2371
2373, 2374
2374, 2373
2374, 2375
2375, 2374
2375, 2376
2376, 2375
2377, 2378
2378, 2377
2378, 2379
2379, 2378
2379, 2380
2380, 2379
2381, 2382
2382, 2381
2382, 2383
2383, 2382
2383, 2384
2384, 2383
2385, 2386
2386, 2385
2386, 2387
2387, 2386
2387, 2388
2388, 2387
2389, 2390
2390, 2389
2390, 2391
2391, 2390
2391, 2392
2392, 2391
2393, 2394
2394, 2393
2394, 2395
2395, 2394
2395, 2396
2396, 2395
2397, 2398
2398, 2397
2398, 2399
2399, 2398
2399, 2400
2400, 2399
2401, 2402
2402, 2401
2402, 2403
2403, 2402
2403, 2404
2404, 2403
2405, 2406
2406, 2405
2406, 2407
2407, 2406
2407, 2408
2408, 2407
2409, 2410
2410, 2409
2410, 2411
2411, 2410
2411, 2412
2412, 2411
2413, 2414
2414, 2413
2414, 2415
2415, 2414
2415, 2416
2416, 2415
2417, 2418
2418, 2417
2418, 2419
2419, 2418
2419, 2420
2420, 2419
2421, 2422
2422, 2421
2422, 2423
2423, 2422
2423, 2424
2424, 2423
2425, 2426
2426, 2425
2426, 2427
2427, 2426
2427, 2428
2428, 2427
2429, 2430
2430, 2429
2430, 2431
2431, 2430
2431, 2432
2432, 2431
2433, 2434
2434, 2433
2434, 2435
2435, 2434
2435, 2436
2436, 2435
2437, 2438
2438, 2437
2438, 2439
2439, 2438
2440, 2441
2441, 2440
2441, 2442
2442, 2441
2443, 2444
2444, 2443
2444, 2445
2445, 2444
2446, 2447
2447, 2446
2447, 2448
2448, 2447
2449, 2450
2450, 2449
2450, 2451
2451, 2450
2452, 2453
2453, 2452
2453, 2454
2454, 2453
2455, 2456
2456, 2455
2456, 2457
2457, 2456
2458, 2459
2459, 2458
2459, 2460
2460, 2459
2461, 2462
2462, 2461
2462, 2463
2463, 2462
2464, 2465
2465, 2464
2465, 2466
2466, 2465
2467, 2468
2468, 2467
2468, 2469
2469, 2468
2470, 2471
2471, 2470
2471, 2472
2472, 2471
2473, 2474
2474, 2473
2474, 2475
2475, 2474
2475, 2476
2476, 2475
2476, 2477
2477, 2476
2478, 2479
2479, 2478
2479, 2480
2480, 2479
2480, 2481
2481, 2480
2481, 2482
2482, 2481
2483, 2484
2484, 2483
2484, 2485
2485, 2484
2485, 2486
2486, 2485
2486, 2487
2487, 2486
2488, 2489
2489, 2488
2489, 2490
2490, 2489
2490, 2491
2491, 2490
2491, 2492
2492, 2491
2493, 2494
2494, 2493
2494, 2495
2495, 2494
2495, 2496
2496, 2495
2496, 2497
2497, 2496
2498, 2499
2499, 2498
2499, 2500
2500, 2499
2500, 2501
2501, 2500
2501, 2502
2502, 2501
2503, 2504
2504, 2503
2504, 2505
2505, 2504
2505, 2506
2506, 2505
2506, 2507
2507, 2506
2508, 2509
2509, 2508
2509, 2510
2510, 2509
2510, 2511
2511, 2510
2511, 2512
2512, 2511
2513, 2514
2514, 2513
2514, 2515
2515, 2514
2515, 2516
2516, 2515
2516, 2517
2517, 2516
2518, 2519
2519, 2518
2519, 2520
2520, 2519
2521, 2522
2522, 2521
2522, 2523
2523, 2522
2524, 2525
2525, 2524
2525, 2526
2526, 2525
2527, 2528
2528, 2527
2528, 2529
2529, 2528
2530, 2531
2531, 2530
2531, 2532
2532, 2531
2533, 2534
2534, 2533
2534, 2535
2535, 2534
2536, 2537
2537, 2536
2537, 2538
2538, 2537
2539, 2540
2540, 2539
2540, 2541
2541, 2540
2542, 2543
2543, 2542
2543, 2544
2544, 2543
2545, 2546
2546, 2545
2546, 2547
2547, 2546
2548, 2549
2549, 2548
2549, 2550
2550, 2549
2551, 2552
2552, 2551
2552, 2553
2553, 2552
2554, 2555
2555, 2554
2555, 2556
2556, 2555
2557, 2558
2558, 2557
2558, 2559
2559, 2558
2560, 2561
2561, 2560
2561, 2562
2562, 2561
2563, 2564
2564, 2563
2564, 2565
2565, 2564
2566, 2567
2567, 2566
2567, 2568
2568, 2567
2569, 2570
2570, 2569
2570, 2571
2571, 2570
2572, 2573
2573, 2572
2573, 2574
2574, 2573
2575, 2576
2576, 2575
2576, 2577
2577, 2576
2578, 2579
2579, 2578
2579, 2580
2580, 2579
2581, 2582
2582, 2581
2582, 2583
2583, 2582
2584, 2585
2585, 2584
2585, 2586
2586, 2585
2587, 2588
2588, 2587
2588, 2589
2589, 2588
2590, 2591
2591, 2590
2591, 2592
2592, 2591
2592, 2593
2593, 2592
2593, 2594
2594, 2593
2594, 2595
2595, 2594
2596, 2597
2597, 2596
2597, 2598
2598, 2597
2598, 2599
2599, 2598
2599, 2600
2600, 2599
2600, 2601
2601, 2600
2602, 2603
2603, 2602
2603, 2604
2604, 2603
2604, 2605
2605, 2604
2605, 2606
2606, 2605
2606, 2607
2607, 2606
2608, 2609
2609, 2608
2609, 2610
2610, 2609
2610, 2611
2611, 2610
2611, 2612
2612, 2611
2612, 2613
2613, 2612
2614, 2615
2615, 2614
2615, 2616
2616, 2615
2616, 2617
2617, 2616
2617, 2618
2618, 2617
2618, 2619
2619, 2618
2620, 2621
2621, 2620
2621, 2622
2622, 2621
2622, 2623
2623, 2622
2623, 2624
2624, 2623
2624, 2625
2625, 2624
2626, 2627
2627, 2626
2627, 2628
2628, 2627
2629, 2630
2630, 2629
2630, 2631
2631, 2630
2632, 2633
2633, 2632
2633, 2634
2634, 2633
2635, 2636
2636, 2635
2636, 2637
2637, 2636
2638, 2639
2639, 2638
2639, 2640
2640, 2639
2641, 2642
2642, 2641
2642, 2643
2643, 2642
2644, 2645
2645, 2644
2645, 2646
2646, 2645
2647, 2648
2648, 2647
2648, 2649
2649, 2648
2650, 2651
2651, 2650
2651, 2652
2652, 2651
2653, 2654
2654, 2653
2654, 2655
2655, 2654
2656, 2657
2657, 2656
2657, 2658
2658, 2657
2659, 2660
2660, 2659
2660, 2661
2661, 2660
2662, 2663
2663, 2662
2663, 2664
2664, 2663
2665, 2666
2666, 2665
2666, 2667
2667, 2666
2668, 2669
2669, 2668
2669, 2670
2670, 2669
2671, 2672
2672, 2671
2672, 2673
2673, 2672
2674, 2675
2675, 2674
2675, 2676
2676, 2675
2677, 2678
2678, 2677
2678, 2679
2679, 2678
2680, 2681
2681, 2680
2681, 2682
2682, 2681
2683, 2684
2684, 2683
2684, 2685
2685, 2684
2686, 2687
2687, 2686
2687, 2688
2688, 2687
2689, 2690
2690, 2689
2690, 2691
2691, 2690
2692, 2693
2693, 2692
2693, 2694
2694, 2693
2695, 2696
2696, 2695
2696, 2697
2697, 2696
2698, 2699
2699, 2698
2699, 2700
2700, 2699
2701, 2702
2702, 2701
2702, 2703
2703, 2702
2704, 2705
2705, 2704
2705, 2706
2706, 2705
2707, 2708
2708, 2707
2708, 2709
2709, 2708
2709, 2710
2710, 2709
2711, 2712
2712, 2711
2712, 2713
2713, 2712
2713, 2714
2714, 2713
2715, 2716
2716, 2715
2716, 2717
2717, 2716
2717, 2718
2718, 2717
2719, 2720
2720, 2719
2720, 2721
2721, 2720
2722, 2723
2723, 2722
2723, 2724
2724, 2723
2725, 2726
2726, 2725
2726, 2727
2727, 2726
2728, 2729
2729, 2728
2729, 2730
2730, 2729
2731, 2732
2732, 2731
2732, 2733
2733, 2732
2734, 2735
2735, 2734
2735, 2736
2736, 2735
2737, 2738
2738, 2737
2738, 2739
2739, 2738
2740, 2741
2741, 2740
2741, 2742
2742, 2741
2743, 2744
2744, 2743
2744, 2745
2745, 2744
2746, 2747
2747, 2746
2747, 2748
2748, 2747
2749, 2750
2750, 2749
2750, 2751
2751, 2750
2752, 2753
2753, 2752
2753, 2754
2754, 2753
2755, 2756
2756, 2755
2756, 2757
2757, 2756
2758, 2759
2759, 2758
2759, 2760
2760, 2759
2761, 2762
2762, 2761
2762, 2763
2763, 2762
2764, 2765
2765, 2764
2765, 2766
2766, 2765
2767, 2768
2768, 2767
2768, 2769
2769, 2768
2770, 2771
2771, 2770
2771, 2772
2772, 2771
2773, 2774
2774, 2773
2774, 2775
2775, 2774
2776, 2777
2777, 2776
2777, 2778
2778, 2777
2779, 2780
2780, 2779
2780, 2781
2781, 2780
2782, 2783
2783, 2782
2783, 2784
2784, 2783
2785, 2786
2786, 2785
2786, 2787
2787, 2786
2788, 2789
2789, 2788
2789, 2790
2790, 2789
2791, 2792
2792, 2791
2792, 2793
2793, 2792
2794, 2795
2795, 2794
2795, 2796
2796, 2795
2797, 2798
2798, 2797
2798, 2799
2799, 2798
2800, 2801
2801, 2800
2801, 2802
2802, 2801
2803, 2804
2804, 2803
2804, 2805
2805, 2804
2806, 2807
2807, 2806
2807, 2808
2808, 2807
2809, 2810
2810, 2809
2810, 2811
2811, 2810
2812, 2813
2813, 2812
2813, 2814
2814, 2813
2815, 2816
2816, 2815
2816, 2817
2817, 2816
2818, 2819
2819, 2818
2819, 2820
2820, 2819
2821, 2822
2822, 2821
2822, 2823
2823, 2822
2824, 2825
2825, 2824
2825, 2826
2826, 2825
2827, 2828
2828, 2827
2828, 2829
2829, 2828
2830, 2831
2831, 2830
2831, 2832
2832, 2831
2833, 2834
2834, 2833
2834, 2835
2835, 2834
2836, 2837
2837, 2836
2837, 2838
2838, 2837
2839, 2840
2840, 2839
2840, 2841
2841, 2840
2842, 2843
2843, 2842
2843, 2844
2844, 2843
2845, 2846
2846, 2845
2846, 2847
2847, 2846
2848, 2849
2849, 2848
2849, 2850
2850, 2849
2851, 2852
2852, 2851
2852, 2853
2853, 2852
2854, 2855
2855, 2854
2855, 2856
2856, 2855
2857, 2858
2858, 2857
2858, 2859
2859, 2858
2860, 2861
2861, 2860
2861, 2862
2862, 2861
2863, 2864
2864, 2863
2864, 2865
2865, 2864
2866, 2867
2867, 2866
2867, 2868
2868, 2867
2869, 2870
2870, 2869
2870, 2871
2871, 2870
2872, 2873
2873, 2872
2873, 2874
2874, 2873
2874, 2875
2875, 2874
2875, 2876
2876, 2875
2876, 2877
2877, 2876
2878, 2879
2879, 2878
2879, 2880
2880, 2879
2880, 2881
2881, 2880
2881, 2882
2882, 2881
2882, 2883
2883, 2882
2884, 2885
2885, 2884
2885, 2886
2886, 2885
2886, 2887
2887, 2886
2887, 2888
2888, 2887
2888, 2889
2889, 2888
2890, 2891
2891, 2890
2891, 2892
2892, 2891
2892, 2893
2893, 2892
2893, 2894
2894, 2893
2894, 2895
2895, 2894
2896, 2897
2897, 2896
2897, 2898
2898, 2897
2898, 2899
2899, 2898
2899, 2900
2900, 2899
2900, 2901
2901, 2900
2902, 2903
2903, 2902
2903, 2904
2904, 2903
2904, 2905
2905, 2904
2905, 2906
2906, 2905
2906, 2907
2907, 2906
2908, 2909
2909, 2908
2909, 2910
2910, 2909
2910, 2911
2911, 2910
2911, 2912
2912, 2911
2912, 2913
2913, 2912
2914, 2915
2915, 2914
2915, 2916
2916, 2915
2916, 2917
2917, 2916
2917, 2918
2918, 2917
2918, 2919
2919, 2918
2920, 2921
2921, 2920
2921, 2922
2922, 2921
2922, 2923
2923, 2922
2923, 2924
2924, 2923
2924, 2925
2925, 2924
2926, 2927
2927, 2926
2927, 2928
2928, 2927
2929, 2930
2930, 2929
2930, 2931
2931, 2930
2932, 2933
2933, 2932
2933, 2934
2934, 2933
2935, 2936
2936, 2935
2936, 2937
2937, 2936
2937, 2938
2938, 2937
2938, 2939
2939, 2938
2939, 2940
2940, 2939
2941, 2942
2942, 2941
2942, 2943
2943, 2942
2943, 2944
2944, 2943
2944, 2945
2945, 2944
2945, 2946
2946, 2945
2947, 2948
2948, 2947
2948, 2949
2949, 2948
2949, 2950
2950, 2949
2950, 2951
2951, 2950
2951, 2952
2952, 2951
2953, 2954
2954, 2953
2954, 2955
2955, 2954
2955, 2956
2956, 2955
2956, 2957
2957, 2956
2957, 2958
2958, 2957
2959, 2960
2960, 2959
2960, 2961
2961, 2960
2961, 2962
2962, 2961
2962, 2963
2963, 2962
2963, 2964
2964, 2963
2965, 2966
2966, 2965
2966, 2967
2967, 2966
2967, 2968
2968, 2967
2968, 2969
2969, 2968
2969, 2970
2970, 2969
2971, 2972
2972, 2971
2972, 2973
2973, 2972
2973, 2974
2974, 2973
2974, 2975
2975, 2974
2975, 2976
2976, 2975
2977, 2978
2978, 2977
2978, 2979
2979, 2978
2979, 2980
2980, 2979
2980, 2981
2981, 2980
2981, 2982
2982, 2981
2983, 2984
2984, 2983
2984, 2985
2985, 2984
2985, 2986
2986, 2985
2986, 2987
2987, 2986
2987, 2988
2988, 2987
2989, 2990
2990, 2989
2990, 2991
2991, 2990
2992, 2993
2993, 2992
2993, 2994
2994, 2993
2995, 2996
2996, 2995
2996, 2997
2997, 2996
2998, 2999
2999, 2998
2999, 3000
3000, 2999
3001, 3002
3002, 3001
3002, 3003
3003, 3002
3004, 3005
3005, 3004
3005, 3006
3006, 3005
3007, 3008
3008, 3007
3008, 3009
3009, 3008
3009, 3010
3010, 3009
3010, 3011
3011, 3010
3011, 3012
3012, 3011
3013, 3014
3014, 3013
3014, 3015
3015, 3014
3015, 3016
3016, 3015
3016, 3017
3017, 3016
3017, 3018
3018, 3017
3019, 3020
3020, 3019
3020, 3021
3021, 3020
3021, 3022
3022, 3021
3022, 3023
3023, 3022
3023, 3024
3024, 3023
3025, 3026
3026, 3025
3026, 3027
3027, 3026
3027, 3028
3028, 3027
3028, 3029
3029, 3028
3029, 3030
3030, 3029
3031, 3032
3032, 3031
3032, 3033
3033, 3032
3033, 3034
3034, 3033
3034, 3035
3035, 3034
3035, 3036
3036, 3035
3037, 3038
3038, 3037
3038, 3039
3039, 3038
3039, 3040
3040, 3039
3040, 3041
3041, 3040
3041, 3042
3042, 3041
3043, 3044
3044, 3043
3044, 3045
3045, 3044
3045, 3046
3046, 3045
3046, 3047
3047, 3046
3047, 3048
3048, 3047
3049, 3050
3050, 3049
3050, 3051
3051, 3050
3051, 3052
3052, 3051
3052, 3053
3053, 3052
3053, 3054
3054, 3053
3055, 3056
3056, 3055
3056, 3057
3057, 3056
3057, 3058
3058, 3057
3058, 3059
3059, 3058
3059, 3060
3060, 3059
3061, 3062
3062, 3061
3062, 3063
3063, 3062
3064, 3065
3065, 3064
3065, 3066
3066, 3065
3067, 3068
3068, 3067
3068, 3069
3069, 3068
3070, 3071
3071, 3070
3071, 3072
3072, 3071
3073, 3074
3074, 3073
3074, 3075
3075, 3074
3076, 3077
3077, 3076
3077, 3078
3078, 3077
3079, 3080
3080, 3079
3080, 3081
3081, 3080
3082, 3083
3083, 3082
3083, 3084
3084, 3083
3085, 3086
3086, 3085
3086, 3087
3087, 3086
3088, 3089
3089, 3088
3089, 3090
3090, 3089
3091, 3092
3092, 3091
3092, 3093
3093, 3092
3094, 3095
3095, 3094
3095, 3096
3096, 3095
3097, 3098
3098, 3097
3098, 3099
3099, 3098
3100, 3101
3101, 3100
3101, 3102
3102, 3101
3103, 3104
3104, 3103
3104, 3105
3105, 3104
3106, 3107
3107, 3106
3107, 3108
3108, 3107
3109, 3110
3110, 3109
3110, 3111
3111, 3110
3112, 3113
3113, 3112
3113, 3114
3114, 3113
3115, 3116
3116, 3115
3116, 3117
3117, 3116
3118, 3119
3119, 3118
3119, 3120
3120, 3119
3121, 3122
3122, 3121
3122, 3123
3123, 3122
3124, 3125
3125, 3124
3125, 3126
3126, 3125
3127, 3128
3128, 3127
3128, 3129
3129, 3128
3130, 3131
3131, 3130
3131, 3132
3132, 3131
3133, 3134
3134, 3133
3134, 3135
3135, 3134
3136, 3137
3137, 3136
3137, 3138
3138, 3137
3139, 3140
3140, 3139
3140, 3141
3141, 3140
3142, 3143
3143, 3142
3143, 3144
3144, 3143
3145, 3146
3146, 3145
3146, 3147
3147, 3146
3148, 3149
3149, 3148
3149, 3150
3150, 3149
3151, 3152
3152, 3151
3152, 3153
3153, 3152
3154, 3155
3155, 3154
3155, 3156
3156, 3155
3157, 3158
3158, 3157
3158, 3159
3159, 3158
3160, 3161
3161, 3160
3161, 3162
3162, 3161
3163, 3164
3164, 3163
3164, 3165
3165, 3164
3166, 3167
3167, 3166
3167, 3168
3168, 3167
3169, 3170
3170, 3169
3170, 3171
3171, 3170
3172, 3173
3173, 3172
3173, 3174
3174, 3173
3175, 3176
3176, 3175
3176, 3177
3177, 3176
3178, 3179
3179, 3178
3179, 3180
3180, 3179
3181, 3182
3182, 3181
3182, 3183
3183, 3182
3184, 3185
3185, 3184
3185, 3186
3186, 3185
3187, 3188
3188, 3187
3188, 3189
3189, 3188
3190, 3191
3191, 3190
3191, 3192
3192, 3191
3193, 3194
3194, 3193
3194, 3195
3195, 3194
3196, 3197
3197, 3196
3197, 3198
3198, 3197
3199, 3200
3200, 3199
3200, 3201
3201, 3200
3202, 3203
3203, 3202
3203, 3204
3204, 3203
3205, 3206
3206, 3205
3206, 3207
3207, 3206
3208, 3209
3209, 3208
3209, 3210
3210, 3209
3211, 3212
3212, 3211
3212, 3213
3213, 3212
3214, 3215
3215, 3214
3215, 3216
3216, 3215
3217, 3218
3218, 3217
3218, 3219
3219, 3218
3220, 3221
3221, 3220
3221, 3222
3222, 3221
3223, 3224
3224, 3223
3224, 3225
3225, 3224
3226, 3227
3227, 3226
3227, 3228
3228, 3227
3229, 3230
3230, 3229
3230, 3231
3231, 3230
3232, 3233
3233, 3232
3233, 3234
3234, 3233
3235, 3236
3236, 3235
3236, 3237
3237, 3236
3238, 3239
3239, 3238
3239, 3240
3240, 3239
3241, 3242
3242, 3241
3242, 3243
3243, 3242
3244, 3245
3245, 3244
3245, 3246
3246, 3245
3247, 3248
3248, 3247
3248, 3249
3249, 3248
3250, 3251
3251, 3250
3251, 3252
3252, 3251
3253, 3254
3254, 3253
3254, 3255
3255, 3254
3256, 3257
3257, 3256
3257, 3258
3258, 3257
3259, 3260
3260, 3259
3260, 3261
3261, 3260
3262, 3263
3263, 3262
3263, 3264
3264, 3263
3265, 3266
3266, 3265
3266, 3267
3267, 3266
3268, 3269
3269, 3268
3269, 3270
3270, 3269
3271, 3272
3272, 3271
3272, 3273
3273, 3272
3274, 3275
3275, 3274
3275, 3276
3276, 3275
3277, 3278
3278, 3277
3278, 3279
3279, 3278
3280, 3281
3281, 3280
3281, 3282
3282, 3281
3283, 3284
3284, 3283
3284, 3285
3285, 3284
3286, 3287
3287, 3286
3287, 3288
3288, 3287
3289, 3290
3290, 3289
3290, 3291
3291, 3290
3292, 3293
3293, 3292
3293, 3294
3294, 3293
3295, 3296
3296, 3295
3296, 3297
3297, 3296
3298, 3299
3299, 3298
3299, 3300
3300, 3299
3301, 3302
3302, 3301
3302, 3303
3303, 3302
3304, 3305
3305, 3304
3305, 3306
3306, 3305
3307, 3308
3308, 3307
3308, 3309
3309, 3308
3310, 3311
3311, 3310
3311, 3312
3312, 3311
3313, 3314
3314, 3313
3314, 3315
3315, 3314
3316, 3317
3317, 3316
3317, 3318
3318, 3317
3319, 3320
3320, 3319
3320, 3321
3321, 3320
3322, 3323
3323, 3322
3323, 3324
3324, 3323
3325, 3326
3326, 3325
3326, 3327
3327, 3326
3328, 3329
3329, 3328
3329, 3330
3330, 3329
3331, 3332
3332, 3331
3332, 3333
3333, 3332
3334, 3335
3335, 3334
3335, 3336
3336, 3335
3337, 3338
3338, 3337
3338, 3339
3339, 3338
3340, 3341
3341, 3340
3341, 3342
3342, 3341
3343, 3344
3344, 3343
3344, 3345
3345, 3344
3346, 3347
3347, 3346
3347, 3348
3348, 3347
3349, 3350
3350, 3349
3350, 3351
3351, 3350
3352, 3353
3353, 3352
3353, 3354
3354, 3353
3355, 3356
3356, 3355
3356, 3357
3357, 3356
3358, 3359
3359, 3358
3359, 3360
3360, 3359
3361, 3362
3362, 3361
3362, 3363
3363, 3362
3364, 3365
3365, 3364
3365, 3366
3366, 3365
3367, 3368
3368, 3367
3368, 3369
3369, 3368
3370, 3371
3371, 3370
3371, 3372
3372, 3371
3373, 3374
3374, 3373
3374, 3375
3375, 3374
3376, 3377
3377, 3376
3377, 3378
3378, 3377
3379, 3380
3380, 3379
3380, 3381
3381, 3380
3382, 3383
3383, 3382
3383, 3384
3384, 3383
3385, 3386
3386, 3385
3386, 3387
3387, 3386
3388, 3389
3389, 3388
3389, 3390
3390, 3389
3391, 3392
3392, 3391
3392, 3393
3393, 3392
3394, 3395
3395, 3394
3395, 3396
3396, 3395
3397, 3398
3398, 3397
3398, 3399
3399, 3398
3400, 3401
3401, 3400
3401, 3402
3402, 3401
3403, 3404
3404, 3403
3404, 3405
3405, 3404
3406, 3407
3407, 3406
3407, 3408
3408, 3407
3409, 3410
3410, 3409
3410, 3411
3411, 3410
3412, 3413
3413, 3412
3413, 3414
3414, 3413
3415, 3416
3416, 3415
3416, 3417
3417, 3416
3418, 3419
3419, 3418
3419, 3420
3420, 3419
3421, 3422
3422, 3421
3422, 3423
3423, 3422
3424, 3425
3425, 3424
3425, 3426
3426, 3425
3427, 3428
3428, 3427
3428, 3429
3429, 3428
3430, 3431
3431, 3430
3431, 3432
3432, 3431
3433, 3434
3434, 3433
3434, 3435
3435, 3434
3436, 3437
3437, 3436
3437, 3438
3438, 3437
3439, 3440
3440, 3439
3440, 3441
3441, 3440
3442, 3443
3443, 3442
3443, 3444
3444, 3443
3445, 3446
3446, 3445
3446, 3447
3447, 3446
3448, 3449
3449, 3448
3449, 3450
3450, 3449
3451, 3452
3452, 3451
3452, 3453
3453, 3452
3454, 3455
3455, 3454
3455, 3456
3456, 3455
3457, 3458
3458, 3457
3458, 3459
3459, 3458
3460, 3461
3461, 3460
3461, 3462
3462, 3461
3463, 3464
3464, 3463
3464, 3465
3465, 3464
3466, 3467
3467, 3466
3467, 3468
3468, 3467
3469, 3470
3470, 3469
3470, 3471
3471, 3470
3472, 3473
3473, 3472
3473, 3474
3474, 3473
3475, 3476
3476, 3475
3476, 3477
3477, 3476
3478, 3479
3479, 3478
3479, 3480
3480, 3479
3481, 3482
3482, 3481
3482, 3483
3483, 3482
3484, 3485
3485, 3484
3485, 3486
3486, 3485
3487, 3488
3488, 3487
3488, 3489
3489, 3488
3490, 3491
3491, 3490
3491, 3492
3492, 3491
3493, 3494
3494, 3493
3494, 3495
3495, 3494
3496, 3497
3497, 3496
3497, 3498
3498, 3497
3499, 3500
3500, 3499
3500, 3501
3501, 3500
3502, 3503
3503, 3502
3503, 3504
3504, 3503
3505, 3506
3506, 3505
3506, 3507
3507, 3506
3508, 3509
3509, 3508
3509, 3510
3510, 3509
3511, 3512
3512, 3511
3512, 3513
3513, 3512
3514, 3515
3515, 3514
3515, 3516
3516, 3515
3517, 3518
3518, 3517
3518, 3519
3519, 3518
3520, 3521
3521, 3520
3521, 3522
3522, 3521
3523, 3524
3524, 3523
3524, 3525
3525, 3524
3526, 3527
3527, 3526
3527, 3528
3528, 3527
3529, 3530
3530, 3529
3530, 3531
3531, 3530
3532, 3533
3533, 3532
3533, 3534
3534, 3533
3535, 3536
3536, 3535
3536, 3537
3537, 3536
3538, 3539
3539, 3538
3539, 3540
3540, 3539
3541, 3542
3542, 3541
3542, 3543
3543, 3542
3544, 3545
3545, 3544
3545, 3546
3546, 3545
3547, 3548
3548, 3547
3548, 3549
3549, 3548
3550, 3551
3551, 3550
3551, 3552
3552, 3551
3553, 3554
3554, 3553
3554, 3555
3555, 3554
3556, 3557
3557, 3556
3557, 3558
3558, 3557
3559, 3560
3560, 3559
3560, 3561
3561, 3560
3562, 3563
3563, 3562
3563, 3564
3564, 3563
3565, 3566
3566, 3565
3566, 3567
3567, 3566
3568, 3569
3569, 3568
3569, 3570
3570, 3569
3571, 3572
3572, 3571
3572, 3573
3573, 3572
3574, 3575
3575, 3574
3575, 3576
3576, 3575
3576, 3577
3577, 3576
3578, 3579
3579, 3578
3579, 3580
3580, 3579
3580, 3581
3581, 3580
3582, 3583
3583, 3582
3583, 3584
3584, 3583
3584, 3585
3585, 3584
3586, 3587
3587, 3586
3587, 3588
3588, 3587
3589, 3590
3590, 3589
3590, 3591
3591, 3590
3592, 3593
3593, 3592
3593, 3594
3594, 3593
3595, 3596
3596, 3595
3596, 3597
3597, 3596
3598, 3599
3599, 3598
3599, 3600
3600, 3599
3601, 3602
3602, 3601
3602, 3603
3603, 3602
3604, 3605
3605, 3604
3605, 3606
3606, 3605
3607, 3608
3608, 3607
3608, 3609
3609, 3608
3610, 3611
3611, 3610
3611, 3612
3612, 3611
3613, 3614
3614, 3613
3614, 3615
3615, 3614
3616, 3617
3617, 3616
3617, 3618
3618, 3617
3619, 3620
3620, 3619
3620, 3621
3621, 3620
3622, 3623
3623, 3622
3623, 3624
3624, 3623
3625, 3626
3626, 3625
3626, 3627
3627, 3626
3628, 3629
3629, 3628
3629, 3630
3630, 3629
3631, 3632
3632, 3631
3632, 3633
3633, 3632
3634, 3635
3635, 3634
3635, 3636
3636, 3635
3637, 3638
3638, 3637
3638, 3639
3639, 3638
3640, 3641
3641, 3640
3641, 3642
3642, 3641
3643, 3644
3644, 3643
3644, 3645
3645, 3644
3646, 3647
3647, 3646
3647, 3648
3648, 3647
3649, 3650
3650, 3649
3650, 3651
3651, 3650
3652, 3653
3653, 3652
3653, 3654
3654, 3653
3655, 3656
3656, 3655
3656, 3657
3657, 3656
3658, 3659
3659, 3658
3659, 3660
3660, 3659
3661, 3662
3662, 3661
3662, 3663
3663, 3662
3664, 3665
3665, 3664
3665, 3666
3666, 3665
3667, 3668
3668, 3667
3668, 3669
3669, 3668
3670, 3671
3671, 3670
3671, 3672
3672, 3671
3673, 3674
3674, 3673
3674, 3675
3675, 3674
3676, 3677
3677, 3676
3677, 3678
3678, 3677
3679, 3680
3680, 3679
3680, 3681
3681, 3680
3682, 3683
3683, 3682
3683, 3684
3684, 3683
3685, 3686
3686, 3685
3686, 3687
3687, 3686
3688, 3689
3689, 3688
3689, 3690
3690, 3689
3691, 3692
3692, 3691
3692, 3693
3693, 3692
3694, 3695
3695, 3694
3695, 3696
3696, 3695
3697, 3698
3698, 3697
3698, 3699
3699, 3698
3700, 3701
3701, 3700
3701, 3702
3702, 3701
3703, 3704
3704, 3703
3704, 3705
3705, 3704
3706, 3707
3707, 3706
3707, 3708
3708, 3707
3709, 3710
3710, 3709
3710, 3711
3711, 3710
3712, 3713
3713, 3712
3713, 3714
3714, 3713
3715, 3716
3716, 3715
3716, 3717
3717, 3716
3718, 3719
3719, 3718
3719, 3720
3720, 3719
3721, 3722
3722, 3721
3722, 3723
3723, 3722
3724, 3725
3725, 3724
3725, 3726
3726, 3725
3727, 3728
3728, 3727
3728, 3729
3729, 3728
3730, 3731
3731, 3730
3731, 3732
3732, 3731
3732, 3733
3733, 3732
3733, 3734
3734, 3733
3734, 3735
3735, 3734
3736, 3737
3737, 3736
3737, 3738
3738, 3737
3738, 3739
3739, 3738
3739, 3740
3740, 3739
3740, 3741
3741, 3740
3742, 3743
3743, 3742
3743, 3744
3744, 3743
3744, 3745
3745, 3744
3745, 3746
3746, 3745
3746, 3747
3747, 3746
3748, 3749
3749, 3748
3749, 3750
3750, 3749
3750, 3751
3751, 3750
3751, 3752
3752, 3751
3753, 3754
3754, 3753
3754, 3755
3755, 3754
3755, 3756
3756, 3755
3756, 3757
3757, 3756
3758, 3759
3759, 3758
3759, 3760
3760, 3759
3760, 3761
3761, 3760
3761, 3762
3762, 3761
3763, 3764
3764, 3763
3764, 3765
3765, 3764
3765, 3766
3766, 3765
3767, 3768
3768, 3767
3768, 3769
3769, 3768
3769, 3770
3770, 3769
3771, 3772
3772, 3771
3772, 3773
3773, 3772
3773, 3774
3774, 3773
3775, 3776
3776, 3775
3776, 3777
3777, 3776
3777, 3778
3778, 3777
3779, 3780
3780, 3779
3780, 3781
3781, 3780
3781, 3782
3782, 3781
3783, 3784
3784, 3783
3784, 3785
3785, 3784
3785, 3786
3786, 3785
3787, 3788
3788, 3787
3788, 3789
3789, 3788
3790, 3791
3791, 3790
3791, 3792
3792, 3791
3793, 3794
3794, 3793
3794, 3795
3795, 3794
3796, 3797
3797, 3796
3797, 3798
3798, 3797
3799, 3800
3800, 3799
3800, 3801
3801, 3800
3802, 3803
3803, 3802
3803, 3804
3804, 3803
3805, 3806
3806, 3805
3806, 3807
3807, 3806
3808, 3809
3809, 3808
3809, 3810
3810, 3809
3811, 3812
3812, 3811
3812, 3813
3813, 3812
3814, 3815
3815, 3814
3815, 3816
3816, 3815
3817, 3818
3818, 3817
3818, 3819
3819, 3818
3820, 3821
3821, 3820
3821, 3822
3822, 3821
3823, 3824
3824, 3823
3824, 3825
3825, 3824
3826, 3827
3827, 3826
3827, 3828
3828, 3827
3829, 3830
3830, 3829
3830, 3831
3831, 3830
3832, 3833
3833, 3832
3833, 3834
3834, 3833
3835, 3836
3836, 3835
3836, 3837
3837, 3836
3838, 3839
3839, 3838
3839, 3840
3840, 3839
3841, 3842
3842, 3841
3842, 3843
3843, 3842
3844, 3845
3845, 3844
3845, 3846
3846, 3845
3847, 3848
3848, 3847
3848, 3849
3849, 3848
3850, 3851
3851, 3850
3851, 3852
3852, 3851
3853, 3854
3854, 3853
3854, 3855
3855, 3854
3856, 3857
3857, 3856
3857, 3858
3858, 3857
3859, 3860
3860, 3859
3860, 3861
3861, 3860
3862, 3863
3863, 3862
3863, 3864
3864, 3863
3865, 3866
3866, 3865
3866, 3867
3867, 3866
3868, 3869
3869, 3868
3869, 3870
3870, 3869
3871, 3872
3872, 3871
3872, 3873
3873, 3872
3874, 3875
3875, 3874
3875, 3876
3876, 3875
3877, 3878
3878, 3877
3878, 3879
3879, 3878
3880, 3881
3881, 3880
3881, 3882
3882, 3881
3883, 3884
3884, 3883
3884, 3885
3885, 3884
3886, 3887
3887, 3886
3887, 3888
3888, 3887
3889, 3890
3890, 3889
3890, 3891
3891, 3890
3892, 3893
3893, 3892
3893, 3894
3894, 3893
3895, 3896
3896, 3895
3896, 3897
3897, 3896
3898, 3899
3899, 3898
3899, 3900
3900, 3899
3901, 3902
3902, 3901
3902, 3903
3903, 3902
3904, 3905
3905, 3904
3905, 3906
3906, 3905
3907, 3908
3908, 3907
3908, 3909
3909, 3908
3910, 3911
3911, 3910
3911, 3912
3912, 3911
3913, 3914
3914, 3913
3914, 3915
3915, 3914
3916, 3917
3917, 3916
3917, 3918
3918, 3917
3919, 3920
3920, 3919
3920, 3921
3921, 3920
3922, 3923
3923, 3922
3923, 3924
3924, 3923
3925, 3926
3926, 3925
3926, 3927
3927, 3926
3928, 3929
3929, 3928
3929, 3930
3930, 3929
3931, 3932
3932, 3931
3932, 3933
3933, 3932
3934, 3935
3935, 3934
3935, 3936
3936, 3935
3937, 3938
3938, 3937
3938, 3939
3939, 3938
3940, 3941
3941, 3940
3941, 3942
3942, 3941
3943, 3944
3944, 3943
3944, 3945
3945, 3944
3946, 3947
3947, 3946
3947, 3948
3948, 3947
3949, 3950
3950, 3949
3950, 3951
3951, 3950
3952, 3953
3953, 3952
3953, 3954
3954, 3953
3955, 3956
3956, 3955
3956, 3957
3957, 3956
3958, 3959
3959, 3958
3959, 3960
3960, 3959
3961, 3962
3962, 3961
3962, 3963
3963, 3962
3964, 3965
3965, 3964
3965, 3966
3966, 3965
3967, 3968
3968, 3967
3968, 3969
3969, 3968
3970, 3971
3971, 3970
3971, 3972
3972, 3971
3973, 3974
3974, 3973
3974, 3975
3975, 3974
3976, 3977
3977, 3976
3977, 3978
3978, 3977
3979, 3980
3980, 3979
3980, 3981
3981, 3980
3982, 3983
3983, 3982
3983, 3984
3984, 3983
3985, 3986
3986, 3985
3986, 3987
3987, 3986
3988, 3989
3989, 3988
3989, 3990
3990, 3989
3991, 3992
3992, 3991
3992, 3993
3993, 3992
3994, 3995
3995, 3994
3995, 3996
3996, 3995
3997, 3998
3998, 3997
3998, 3999
3999, 3998
4000, 4001
4001, 4000
4001, 4002
4002, 4001
4003, 4004
4004, 4003
4004, 4005
4005, 4004
4006, 4007
4007, 4006
4007, 4008
4008, 4007
4009, 4010
4010, 4009
4010, 4011
4011, 4010
4012, 4013
4013, 4012
4013, 4014
4014, 4013
4015, 4016
4016, 4015
4016, 4017
4017, 4016
4018, 4019
4019, 4018
4019, 4020
4020, 4019
4021, 4022
4022, 4021
4022, 4023
4023, 4022
4024, 4025
4025, 4024
4025, 4026
4026, 4025
4027, 4028
4028, 4027
4028, 4029
4029, 4028
4030, 4031
4031, 4030
4031, 4032
4032, 4031
4033, 4034
4034, 4033
4034, 4035
4035, 4034
4036, 4037
4037, 4036
4037, 4038
4038, 4037
4039, 4040
4040, 4039
4040, 4041
4041, 4040
4042, 4043
4043, 4042
4043, 4044
4044, 4043
4045, 4046
4046, 4045
4046, 4047
4047, 4046
4048, 4049
4049, 4048
4049, 4050
4050, 4049
4050, 4051
4051, 4050
4051, 4052
4052, 4051
4052, 4053
4053, 4052
4054, 4055
4055, 4054
4055, 4056
4056, 4055
4056, 4057
4057, 4056
4057, 4058
4058, 4057
4058, 4059
4059, 4058
4060, 4061
4061, 4060
4061, 4062
4062, 4061
4062, 4063
4063, 4062
4063, 4064
4064, 4063
4064, 4065
4065, 4064
4066, 4067
4067, 4066
4067, 4068
4068, 4067
4068, 4069
4069, 4068
4069, 4070
4070, 4069
4070, 4071
4071, 4070
4072, 4073
4073, 4072
4073, 4074
4074, 4073
4074, 4075
4075, 4074
4075, 4076
4076, 4075
4076, 4077
4077, 4076
4078, 4079
4079, 4078
4079, 4080
4080, 4079
4080, 4081
4081, 4080
4081, 4082
4082, 4081
4082, 4083
4083, 4082
4084, 4085
4085, 4084
4085, 4086
4086, 4085
4086, 4087
4087, 4086
4087, 4088
4088, 4087
4088, 4089
4089, 4088
4090, 4091
4091, 4090
4091, 4092
4092, 4091
4092, 4093
4093, 4092
4093, 4094
4094, 4093
4094, 4095
4095, 4094
4096, 4097
4097, 4096
4097, 4098
4098, 4097
4098, 4099
4099, 4098
4099, 4100
4100, 4099
4100, 4101
4101, 4100
4102, 4103
4103, 4102
4103, 4104
4104, 4103
4105, 4106
4106, 4105
4106, 4107
4107, 4106
4108, 4109
4109, 4108
4109, 4110
4110, 4109
4111, 4112
4112, 4111
4112, 4113
4113, 4112
4114, 4115
4115, 4114
4115, 4116
4116, 4115
4117, 4118
4118, 4117
4118, 4119
4119, 4118
4120, 4121
4121, 4120
4121, 4122
4122, 4121
4123, 4124
4124, 4123
4124, 4125
4125, 4124
4126, 4127
4127, 4126
4127, 4128
4128, 4127
4129, 4130
4130, 4129
4130, 4131
4131, 4130
4132, 4133
4133, 4132
4133, 4134
4134, 4133
4135, 4136
4136, 4135
4136, 4137
4137, 4136
4138, 4139
4139, 4138
4139, 4140
4140, 4139
4141, 4142
4142, 4141
4142, 4143
4143, 4142
4144, 4145
4145, 4144
4145, 4146
4146, 4145
4147, 4148
4148, 4147
4148, 4149
4149, 4148
4150, 4151
4151, 4150
4151, 4152
4152, 4151
4153, 4154
4154, 4153
4154, 4155
4155, 4154
4156, 4157
4157, 4156
4157, 4158
4158, 4157
4159, 4160
4160, 4159
4160, 4161
4161, 4160
4162, 4163
4163, 4162
4163, 4164
4164, 4163
4165, 4166
4166, 4165
4166, 4167
4167, 4166
4168, 4169
4169, 4168
4169, 4170
4170, 4169
4171, 4172
4172, 4171
4172, 4173
4173, 4172
4174, 4175
4175, 4174
4175, 4176
4176, 4175
4177, 4178
4178, 4177
4178, 4179
4179, 4178
4180, 4181
4181, 4180
4181, 4182
4182, 4181
4183, 4184
4184, 4183
4184, 4185
4185, 4184
4186, 4187
4187, 4186
4187, 4188
4188, 4187
4189, 4190
4190, 4189
4190, 4191
4191, 4190
4192, 4193
4193, 4192
4193, 4194
4194, 4193
4195, 4196
4196, 4195
4196, 4197
4197, 4196
4198, 4199
4199, 4198
4199, 4200
4200, 4199
4201, 4202
4202, 4201
4202, 4203
4203, 4202
4204, 4205
4205, 4204
4205, 4206
4206, 4205
4207, 4208
4208, 4207
4208, 4209
4209, 4208
4210, 4211
4211, 4210
4211, 4212
4212, 4211
4213, 4214
4214, 4213
4214, 4215
4215, 4214
4216, 4217
4217, 4216
4217, 4218
4218, 4217
4219, 4220
4220, 4219
4220, 4221
4221, 4220
4222, 4223
4223, 4222
4223, 4224
4224, 4223
4225, 4226
4226, 4225
4226, 4227
4227, 4226
4228, 4229
4229, 4228
4229, 4230
4230, 4229
4231, 4232
4232, 4231
4232, 4233
4233, 4232
4234, 4235
4235, 4234
4235, 4236
4236, 4235
4237, 4238
4238, 4237
4238, 4239
4239, 4238
4240, 4241
4241, 4240
4241, 4242
4242, 4241
4243, 4244
4244, 4243
4244, 4245
4245, 4244
4246, 4247
4247, 4246
4247, 4248
4248, 4247
4249, 4250
4250, 4249
4250, 4251
4251, 4250
4252, 4253
4253, 4252
4253, 4254
4254, 4253
4255, 4256
4256, 4255
4256, 4257
4257, 4256
4258, 4259
4259, 4258
4259, 4260
4260, 4259
4261, 4262
4262, 4261
4262, 4263
4263, 4262
4264, 4265
4265, 4264
4265, 4266
4266, 4265
4267, 4268
4268, 4267
4268, 4269
4269, 4268
4270, 4271
4271, 4270
4271, 4272
4272, 4271
4273, 4274
4274, 4273
4274, 4275
4275, 4274
4276, 4277
4277, 4276
4277, 4278
4278, 4277
4279, 4280
4280, 4279
4280, 4281
4281, 4280
4282, 4283
4283, 4282
4283, 4284
4284, 4283
4285, 4286
4286, 4285
4286, 4287
4287, 4286
4288, 4289
4289, 4288
4289, 4290
4290, 4289
4291, 4292
4292, 4291
4292, 4293
4293, 4292
4294, 4295
4295, 4294
4295, 4296
4296, 4295
4297, 4298
4298, 4297
4298, 4299
4299, 4298
4300, 4301
4301, 4300
4301, 4302
4302, 4301
4302, 4303
4303, 4302
4303, 4304
4304, 4303
4305, 4306
4306, 4305
4306, 4307
4307, 4306
4307, 4308
4308, 4307
4308, 4309
4309, 4308
4310, 4311
4311, 4310
4311, 4312
4312, 4311
4312, 4313
4313, 4312
4313, 4314
4314, 4313
4315, 4316
4316, 4315
4316, 4317
4317, 4316
4317, 4318
4318, 4317
4318, 4319
4319, 4318
4320, 4321
4321, 4320
4321, 4322
4322, 4321
4322, 4323
4323, 4322
4323, 4324
4324, 4323
4325, 4326
4326, 4325
4326, 4327
4327, 4326
4327, 4328
4328, 4327
4328, 4329
4329, 4328
4330, 4331
4331, 4330
4331, 4332
4332, 4331
4332, 4333
4333, 4332
4333, 4334
4334, 4333
4335, 4336
4336, 4335
4336, 4337
4337, 4336
4337, 4338
4338, 4337
4338, 4339
4339, 4338
4340, 4341
4341, 4340
4341, 4342
4342, 4341
4342, 4343
4343, 4342
4343, 4344
4344, 4343
4345, 4346
4346, 4345
4346, 4347
4347, 4346
4347, 4348
4348, 4347
4348, 4349
4349, 4348
4350, 4351
4351, 4350
4351, 4352
4352, 4351
4352, 4353
4353, 4352
4353, 4354
4354, 4353
4355, 4356
4356, 4355
4356, 4357
4357, 4356
4357, 4358
4358, 4357
4358, 4359
4359, 4358
4360, 4361
4361, 4360
4361, 4362
4362, 4361
4362, 4363
4363, 4362
4363, 4364
4364, 4363
4365, 4366
4366, 4365
4366, 4367
4367, 4366
4367, 4368
4368, 4367
4368, 4369
4369, 4368
4370, 4371
4371, 4370
4371, 4372
4372, 4371
4372, 4373
4373, 4372
4373, 4374
4374, 4373
4375, 4376
4376, 4375
4376, 4377
4377, 4376
4377, 4378
4378, 4377
4378, 4379
4379, 4378
4380, 4381
4381, 4380
4381, 4382
4382, 4381
4382, 4383
4383, 4382
4383, 4384
4384, 4383
4385, 4386
4386, 4385
4386, 4387
4387, 4386
4387, 4388
4388, 4387
4388, 4389
4389, 4388
4390, 4391
4391, 4390
4391, 4392
4392, 4391
4392, 4393
4393, 4392
4393, 4394
4394, 4393
4395, 4396
4396, 4395
4396, 4397
4397, 4396
4397, 4398
4398, 4397
4398, 4399
4399, 4398
4400, 4401
4401, 4400
4401, 4402
4402, 4401
4402, 4403
4403, 4402
4403, 4404
4404, 4403
4405, 4406
4406, 4405
4406, 4407
4407, 4406
4407, 4408
4408, 4407
4408, 4409
4409, 4408
4410, 4411
4411, 4410
4411, 4412
4412, 4411
4412, 4413
4413, 4412
4413, 4414
4414, 4413
4415, 4416
4416, 4415
4416, 4417
4417, 4416
4417, 4418
4418, 4417
4418, 4419
4419, 4418
4420, 4421
4421, 4420
4421, 4422
4422, 4421
4422, 4423
4423, 4422
4423, 4424
4424, 4423
4425, 4426
4426, 4425
4426, 4427
4427, 4426
4427, 4428
4428, 4427
4428, 4429
4429, 4428
4430, 4431
4431, 4430
4431, 4432
4432, 4431
4432, 4433
4433, 4432
4433, 4434
4434, 4433
4435, 4436
4436, 4435
4436, 4437
4437, 4436
4437, 4438
4438, 4437
4438, 4439
4439, 4438
4440, 4441
4441, 4440
4441, 4442
4442, 4441
4442, 4443
4443, 4442
4443, 4444
4444, 4443
4445, 4446
4446, 4445
4446, 4447
4447, 4446
4447, 4448
4448, 4447
4448, 4449
4449, 4448
4450, 4451
4451, 4450
4451, 4452
4452, 4451
4452, 4453
4453, 4452
4453, 4454
4454, 4453
4455, 4456
4456, 4455
4456, 4457
4457, 4456
4457, 4458
4458, 4457
4458, 4459
4459, 4458
4460, 4461
4461, 4460
4461, 4462
4462, 4461
4462, 4463
4463, 4462
4463, 4464
4464, 4463
4465, 4466
4466, 4465
4466, 4467
4467, 4466
4468, 4469
4469, 4468
4469, 4470
4470, 4469
4471, 4472
4472, 4471
4472, 4473
4473, 4472
4474, 4475
4475, 4474
4475, 4476
4476, 4475
4477, 4478
4478, 4477
4478, 4479
4479, 4478
4480, 4481
4481, 4480
4481, 4482
4482, 4481
4483, 4484
4484, 4483
4484, 4485
4485, 4484
4486, 4487
4487, 4486
4487, 4488
4488, 4487
4489, 4490
4490, 4489
4490, 4491
4491, 4490
4492, 4493
4493, 4492
4493, 4494
4494, 4493
4495, 4496
4496, 4495
4496, 4497
4497, 4496
4498, 4499
4499, 4498
4499, 4500
4500, 4499
4501, 4502
4502, 4501
4502, 4503
4503, 4502
4504, 4505
4505, 4504
4505, 4506
4506, 4505
4507, 4508
4508, 4507
4508, 4509
4509, 4508
4510, 4511
4511, 4510
4511, 4512
4512, 4511
4512, 4513
4513, 4512
4514, 4515
4515, 4514
4515, 4516
4516, 4515
4516, 4517
4517, 4516
4518, 4519
4519, 4518
4519, 4520
4520, 4519
4520, 4521
4521, 4520
4522, 4523
4523, 4522
4523, 4524
4524, 4523
4525, 4526
4526, 4525
4526, 4527
4527, 4526
4528, 4529
4529, 4528
4529, 4530
4530, 4529
4531, 4532
4532, 4531
4532, 4533
4533, 4532
4534, 4535
4535, 4534
4535, 4536
4536, 4535
4537, 4538
4538, 4537
4538, 4539
4539, 4538
4540, 4541
4541, 4540
4541, 4542
4542, 4541
4543, 4544
4544, 4543
4544, 4545
4545, 4544
4546, 4547
4547, 4546
4547, 4548
4548, 4547
4549, 4550
4550, 4549
4550, 4551
4551, 4550
4552, 4553
4553, 4552
4553, 4554
4554, 4553
4555, 4556
4556, 4555
4556, 4557
4557, 4556
4558, 4559
4559, 4558
4559, 4560
4560, 4559
4561, 4562
4562, 4561
4562, 4563
4563, 4562
4564, 4565
4565, 4564
4565, 4566
4566, 4565
4567, 4568
4568, 4567
4568, 4569
4569, 4568
4570, 4571
4571, 4570
4571, 4572
4572, 4571
4573, 4574
4574, 4573
4574, 4575
4575, 4574
4576, 4577
4577, 4576
4577, 4578
4578, 4577
4579, 4580
4580, 4579
4580, 4581
4581, 4580
4582, 4583
4583, 4582
4583, 4584
4584, 4583
4585, 4586
4586, 4585
4586, 4587
4587, 4586
4588, 4589
4589, 4588
4589, 4590
4590, 4589
4591, 4592
4592, 4591
4592, 4593
4593, 4592
4594, 4595
4595, 4594
4595, 4596
4596, 4595
4597, 4598
4598, 4597
4598, 4599
4599, 4598
4600, 4601
4601, 4600
4601, 4602
4602, 4601
4603, 4604
4604, 4603
4604, 4605
4605, 4604
4606, 4607
4607, 4606
4607, 4608
4608, 4607
4609, 4610
4610, 4609
4610, 4611
4611, 4610
4612, 4613
4613, 4612
4613, 4614
4614, 4613
4615, 4616
4616, 4615
4616, 4617
4617, 4616
4618, 4619
4619, 4618
4619, 4620
4620, 4619
4621, 4622
4622, 4621
4622, 4623
4623, 4622
4624, 4625
4625, 4624
4625, 4626
4626, 4625
4627, 4628
4628, 4627
4628, 4629
4629, 4628
4630, 4631
4631, 4630
4631, 4632
4632, 4631
4633, 4634
4634, 4633
4634, 4635
4635, 4634
4636, 4637
4637, 4636
4637, 4638
4638, 4637
4639, 4640
4640, 4639
4640, 4641
4641, 4640
4642, 4643
4643, 4642
4643, 4644
4644, 4643
4645, 4646
4646, 4645
4646, 4647
4647, 4646
4648, 4649
4649, 4648
4649, 4650
4650, 4649
4651, 4652
4652, 4651
4652, 4653
4653, 4652
4654, 4655
4655, 4654
4655, 4656
4656, 4655
4657, 4658
4658, 4657
4658, 4659
4659, 4658
4660, 4661
4661, 4660
4661, 4662
4662, 4661
4663, 4664
4664, 4663
4664, 4665
4665, 4664
4666, 4667
4667, 4666
4667, 4668
4668, 4667
4669, 4670
4670, 4669
4670, 4671
4671, 4670
4672, 4673
4673, 4672
4673, 4674
4674, 4673
4675, 4676
4676, 4675
4676, 4677
4677, 4676
4678, 4679
4679, 4678
4679, 4680
4680, 4679
4681, 4682
4682, 4681
4682, 4683
4683, 4682
4684, 4685
4685, 4684
4685, 4686
4686, 4685
4687, 4688
4688, 4687
4688, 4689
4689, 4688
4690, 4691
4691, 4690
4691, 4692
4692, 4691
4693, 4694
4694, 4693
4694, 4695
4695, 4694
4696, 4697
4697, 4696
4697, 4698
4698, 4697
4699, 4700
4700, 4699
4700, 4701
4701, 4700
4702, 4703
4703, 4702
4703, 4704
4704, 4703
4705, 4706
4706, 4705
4706, 4707
4707, 4706
4708, 4709
4709, 4708
4709, 4710
4710, 4709
4711, 4712
4712, 4711
4712, 4713
4713, 4712
4714, 4715
4715, 4714
4715, 4716
4716, 4715
4717, 4718
4718, 4717
4718, 4719
4719, 4718
4720, 4721
4721, 4720
4721, 4722
4722, 4721
4723, 4724
4724, 4723
4724, 4725
4725, 4724
4726, 4727
4727, 4726
4727, 4728
4728, 4727
4729, 4730
4730, 4729
4730, 4731
4731, 4730
4732, 4733
4733, 4732
4733, 4734
4734, 4733
4735, 4736
4736, 4735
4736, 4737
4737, 4736
4738, 4739
4739, 4738
4739, 4740
4740, 4739
4741, 4742
4742, 4741
4742, 4743
4743, 4742
4744, 4745
4745, 4744
4745, 4746
4746, 4745
4747, 4748
4748, 4747
4748, 4749
4749, 4748
4750, 4751
4751, 4750
4751, 4752
4752, 4751
4753, 4754
4754, 4753
4754, 4755
4755, 4754
4756, 4757
4757, 4756
4757, 4758
4758, 4757
4759, 4760
4760, 4759
4760, 4761
4761, 4760
4762, 4763
4763, 4762
4763, 4764
4764, 4763
4765, 4766
4766, 4765
4766, 4767
4767, 4766
4768, 4769
4769, 4768
4769, 4770
4770, 4769
4771, 4772
4772, 4771
4772, 4773
4773, 4772
4774, 4775
4775, 4774
4775, 4776
4776, 4775
4777, 4778
4778, 4777
4778, 4779
4779, 4778
4780, 4781
4781, 4780
4781, 4782
4782, 4781
4783, 4784
4784, 4783
4784, 4785
4785, 4784
4786, 4787
4787, 4786
4787, 4788
4788, 4787
4789, 4790
4790, 4789
4790, 4791
4791, 4790
4792, 4793
4793, 4792
4793, 4794
4794, 4793
4795, 4796
4796, 4795
4796, 4797
4797, 4796
4798, 4799
4799, 4798
4799, 4800
4800, 4799
4801, 4802
4802, 4801
4802, 4803
4803, 4802
4804, 4805
4805, 4804
4805, 4806
4806, 4805
4807, 4808
4808, 4807
4808, 4809
4809, 4808
4810, 4811
4811, 4810
4811, 4812
4812, 4811
4813, 4814
4814, 4813
4814, 4815
4815, 4814
4816, 4817
4817, 4816
4817, 4818
4818, 4817
4819, 4820
4820, 4819
4820, 4821
4821, 4820
4822, 4823
4823, 4822
4823, 4824
4824, 4823
4825, 4826
4826, 4825
4826, 4827
4827, 4826
4828, 4829
4829, 4828
4829, 4830
4830, 4829
4831, 4832
4832, 4831
4832, 4833
4833, 4832
4834, 4835
4835, 4834
4835, 4836
4836, 4835
4837, 4838
4838, 4837
4838, 4839
4839, 4838
4840, 4841
4841, 4840
4841, 4842
4842, 4841
4843, 4844
4844, 4843
4844, 4845
4845, 4844
4846, 4847
4847, 4846
4847, 4848
4848, 4847
4849, 4850
4850, 4849
4850, 4851
4851, 4850
4852, 4853
4853, 4852
4853, 4854
4854, 4853
4855, 4856
4856, 4855
4856, 4857
4857, 4856
4858, 4859
4859, 4858
4859, 4860
4860, 4859
4861, 4862
4862, 4861
4862, 4863
4863, 4862
4864, 4865
4865, 4864
4865, 4866
4866, 4865
4867, 4868
4868, 4867
4868, 4869
4869, 4868
4870, 4871
4871, 4870
4871, 4872
4872, 4871
4873, 4874
4874, 4873
4874, 4875
4875, 4874
4876, 4877
4877, 4876
4877, 4878
4878, 4877
4879, 4880
4880, 4879
4880, 4881
4881, 4880
4882, 4883
4883, 4882
4883, 4884
4884, 4883
4885, 4886
4886, 4885
4886, 4887
4887, 4886
4888, 4889
4889, 4888
4889, 4890
4890, 4889
4891, 4892
4892, 4891
4892, 4893
4893, 4892
4894, 4895
4895, 4894
4895, 4896
4896, 4895
4897, 4898
4898, 4897
4898, 4899
4899, 4898
4900, 4901
4901, 4900
4901, 4902
4902, 4901
4903, 4904
4904, 4903
4904, 4905
4905, 4904
4906, 4907
4907, 4906
4907, 4908
4908, 4907
4909, 4910
4910, 4909
4910, 4911
4911, 4910
4912, 4913
4913, 4912
4913, 4914
4914, 4913
4915, 4916
4916, 4915
4916, 4917
4917, 4916
4918, 4919
4919, 4918
4919, 4920
4920, 4919
4921, 4922
4922, 4921
4922, 4923
4923, 4922
4924, 4925
4925, 4924
4925, 4926
4926, 4925
4927, 4928
4928, 4927
4928, 4929
4929, 4928
4930, 4931
4931, 4930
4931, 4932
4932, 4931
4933, 4934
4934, 4933
4934, 4935
4935, 4934
4936, 4937
4937, 4936
4937, 4938
4938, 4937
4939, 4940
4940, 4939
4940, 4941
4941, 4940
4942, 4943
4943, 4942
4943, 4944
4944, 4943
4945, 4946
4946, 4945
4946, 4947
4947, 4946
4948, 4949
4949, 4948
4949, 4950
4950, 4949
4951, 4952
4952, 4951
4952, 4953
4953, 4952
4954, 4955
4955, 4954
4955, 4956
4956, 4955
4957, 4958
4958, 4957
4958, 4959
4959, 4958
4960, 4961
4961, 4960
4961, 4962
4962, 4961
4963, 4964
4964, 4963
4964, 4965
4965, 4964
4966, 4967
4967, 4966
4967, 4968
4968, 4967
4969, 4970
4970, 4969
4970, 4971
4971, 4970
4972, 4973
4973, 4972
4973, 4974
4974, 4973
4975, 4976
4976, 4975
4976, 4977
4977, 4976
4978, 4979
4979, 4978
4979, 4980
4980, 4979
4981, 4982
4982, 4981
4982, 4983
4983, 4982
4984, 4985
4985, 4984
4985, 4986
4986, 4985
4987, 4988
4988, 4987
4988, 4989
4989, 4988
4990, 4991
4991, 4990
4991, 4992
4992, 4991
4993, 4994
4994, 4993
4994, 4995
4995, 4994
4996, 4997
4997, 4996
4997, 4998
4998, 4997
4999, 5000
5000, 4999
5000, 5001
5001, 5000
5002, 5003
5003, 5002
5003, 5004
5004, 5003
5005, 5006
5006, 5005
5006, 5007
5007, 5006
5008, 5009
5009, 5008
5009, 5010
5010, 5009
5011, 5012
5012, 5011
5012, 5013
5013, 5012
5014, 5015
5015, 5014
5015, 5016
5016, 5015
5017, 5018
5018, 5017
5018, 5019
5019, 5018
5020, 5021
5021, 5020
5021, 5022
5022, 5021
5023, 5024
5024, 5023
5024, 5025
5025, 5024
5026, 5027
5027, 5026
5027, 5028
5028, 5027
5029, 5030
5030, 5029
5030, 5031
5031, 5030
5032, 5033
5033, 5032
5033, 5034
5034, 5033
5035, 5036
5036, 5035
5036, 5037
5037, 5036
5038, 5039
5039, 5038
5039, 5040
5040, 5039
5041, 5042
5042, 5041
5042, 5043
5043, 5042
5044, 5045
5045, 5044
5045, 5046
5046, 5045
5046, 5047
5047, 5046
5048, 5049
5049, 5048
5049, 5050
5050, 5049
5050, 5051
5051, 5050
5052, 5053
5053, 5052
5053, 5054
5054, 5053
5054, 5055
5055, 5054
5056, 5057
5057, 5056
5057, 5058
5058, 5057
5059, 5060
5060, 5059
5060, 5061
5061, 5060
5062, 5063
5063, 5062
5063, 5064
5064, 5063
5065, 5066
5066, 5065
5066, 5067
5067, 5066
5068, 5069
5069, 5068
5069, 5070
5070, 5069
5071, 5072
5072, 5071
5072, 5073
5073, 5072
5074, 5075
5075, 5074
5075, 5076
5076, 5075
5076, 5077
5077, 5076
5078, 5079
5079, 5078
5079, 5080
5080, 5079
5080, 5081
5081, 5080
5082, 5083
5083, 5082
5083, 5084
5084, 5083
5084, 5085
5085, 5084
5086, 5087
5087, 5086
5087, 5088
5088, 5087
5088, 5089
5089, 5088
5090, 5091
5091, 5090
5091, 5092
5092, 5091
5092, 5093
5093, 5092
5094, 5095
5095, 5094
5095, 5096
5096, 5095
5096, 5097
5097, 5096
5098, 5099
5099, 5098
5099, 5100
5100, 5099
5101, 5102
5102, 5101
5102, 5103
5103, 5102
5104, 5105
5105, 5104
5105, 5106
5106, 5105
5107, 5108
5108, 5107
5108, 5109
5109, 5108
5109, 5110
5110, 5109
5111, 5112
5112, 5111
5112, 5113
5113, 5112
5113, 5114
5114, 5113
5115, 5116
5116, 5115
5116, 5117
5117, 5116
5117, 5118
5118, 5117
5119, 5120
5120, 5119
5120, 5121
5121, 5120
5121, 5122
5122, 5121
5123, 5124
5124, 5123
5124, 5125
5125, 5124
5125, 5126
5126, 5125
5127, 5128
5128, 5127
5128, 5129
5129, 5128
5129, 5130
5130, 5129
5131, 5132
5132, 5131
5132, 5133
5133, 5132
5133, 5134
5134, 5133
5135, 5136
5136, 5135
5136, 5137
5137, 5136
5137, 5138
5138, 5137
5139, 5140
5140, 5139
5140, 5141
5141, 5140
5141, 5142
5142, 5141
5143, 5144
5144, 5143
5144, 5145
5145, 5144
5146, 5147
5147, 5146
5147, 5148
5148, 5147
5149, 5150
5150, 5149
5150, 5151
5151, 5150
5152, 5153
5153, 5152
5153, 5154
5154, 5153
5155, 5156
5156, 5155
5156, 5157
5157, 5156
5158, 5159
5159, 5158
5159, 5160
5160, 5159
5161, 5162
5162, 5161
5162, 5163
5163, 5162
5164, 5165
5165, 5164
5165, 5166
5166, 5165
5167, 5168
5168, 5167
5168, 5169
5169, 5168
5170, 5171
5171, 5170
5171, 5172
5172, 5171
5173, 5174
5174, 5173
5174, 5175
5175, 5174
5176, 5177
5177, 5176
5177, 5178
5178, 5177
5179, 5180
5180, 5179
5180, 5181
5181, 5180
5182, 5183
5183, 5182
5183, 5184
5184, 5183
5185, 5186
5186, 5185
5186, 5187
5187, 5186
5188, 5189
5189, 5188
5189, 5190
5190, 5189
5191, 5192
5192, 5191
5192, 5193
5193, 5192
5194, 5195
5195, 5194
5195, 5196
5196, 5195
5197, 5198
5198, 5197
5198, 5199
5199, 5198
5200, 5201
5201, 5200
5201, 5202
5202, 5201
5203, 5204
5204, 5203
5204, 5205
5205, 5204
5206, 5207
5207, 5206
5207, 5208
5208, 5207
5209, 5210
5210, 5209
5210, 5211
5211, 5210
5212, 5213
5213, 5212
5213, 5214
5214, 5213
5215, 5216
5216, 5215
5216, 5217
5217, 5216
5218, 5219
5219, 5218
5219, 5220
5220, 5219
5221, 5222
5222, 5221
5222, 5223
5223, 5222
5224, 5225
5225, 5224
5225, 5226
5226, 5225
5227, 5228
5228, 5227
5228, 5229
5229, 5228
5230, 5231
5231, 5230
5231, 5232
5232, 5231
5233, 5234
5234, 5233
5234, 5235
5235, 5234
5236, 5237
5237, 5236
5237, 5238
5238, 5237
5239, 5240
5240, 5239
5240, 5241
5241, 5240
5242, 5243
5243, 5242
5243, 5244
5244, 5243
5245, 5246
5246, 5245
5246, 5247
5247, 5246
5248, 5249
5249, 5248
5249, 5250
5250, 5249
5251, 5252
5252, 5251
5252, 5253
5253, 5252
5254, 5255
5255, 5254
5255, 5256
5256, 5255
5257, 5258
5258, 5257
5258, 5259
5259, 5258
5260, 5261
5261, 5260
5261, 5262
5262, 5261
5263, 5264
5264, 5263
5264, 5265
5265, 5264
5266, 5267
5267, 5266
5267, 5268
5268, 5267
5269, 5270
5270, 5269
5270, 5271
5271, 5270
5272, 5273
5273, 5272
5273, 5274
5274, 5273
5275, 5276
5276, 5275
5276, 5277
5277, 5276
5278, 5279
5279, 5278
5279, 5280
5280, 5279
5281, 5282
5282, 5281
5282, 5283
5283, 5282
5284, 5285
5285, 5284
5285, 5286
5286, 5285
5287, 5288
5288, 5287
5288, 5289
5289, 5288
5290, 5291
5291, 5290
5291, 5292
5292, 5291
5293, 5294
5294, 5293
5294, 5295
5295, 5294
5296, 5297
5297, 5296
5297, 5298
5298, 5297
5299, 5300
5300, 5299
5300, 5301
5301, 5300
5302, 5303
5303, 5302
5303, 5304
5304, 5303
5305, 5306
5306, 5305
5306, 5307
5307, 5306
5308, 5309
5309, 5308
5309, 5310
5310, 5309
5311, 5312
5312, 5311
5312, 5313
5313, 5312
5314, 5315
5315, 5314
5315, 5316
5316, 5315
5317, 5318
5318, 5317
5318, 5319
5319, 5318
5320, 5321
5321, 5320
5321, 5322
5322, 5321
5323, 5324
5324, 5323
5324, 5325
5325, 5324
5326, 5327
5327, 5326
5327, 5328
5328, 5327
5329, 5330
5330, 5329
5330, 5331
5331, 5330
5332, 5333
5333, 5332
5333, 5334
5334, 5333
5335, 5336
5336, 5335
5336, 5337
5337, 5336
5338, 5339
5339, 5338
5339, 5340
5340, 5339
5341, 5342
5342, 5341
5342, 5343
5343, 5342
5344, 5345
5345, 5344
5345, 5346
5346, 5345
5347, 5348
5348, 5347
5348, 5349
5349, 5348
5350, 5351
5351, 5350
5351, 5352
5352, 5351
5353, 5354
5354, 5353
5354, 5355
5355, 5354
5356, 5357
5357, 5356
5357, 5358
5358, 5357
5359, 5360
5360, 5359
5360, 5361
5361, 5360
5362, 5363
5363, 5362
5363, 5364
5364, 5363
5365, 5366
5366, 5365
5366, 5367
5367, 5366
5368, 5369
5369, 5368
5369, 5370
5370, 5369
5370, 5371
5371, 5370
5372, 5373
5373, 5372
5373, 5374
5374, 5373
5374, 5375
5375, 5374
5376, 5377
5377, 5376
5377, 5378
5378, 5377
5378, 5379
5379, 5378
5380, 5381
5381, 5380
5381, 5382
5382, 5381
5382, 5383
5383, 5382
5384, 5385
5385, 5384
5385, 5386
5386, 5385
5386, 5387
5387, 5386
5388, 5389
5389, 5388
5389, 5390
5390, 5389
5390, 5391
5391, 5390
5392, 5393
5393, 5392
5393, 5394
5394, 5393
5394, 5395
5395, 5394
5396, 5397
5397, 5396
5397, 5398
5398, 5397
5398, 5399
5399, 5398
5400, 5401
5401, 5400
5401, 5402
5402, 5401
5402, 5403
5403, 5402
5404, 5405
5405, 5404
5405, 5406
5406, 5405
5407, 5408
5408, 5407
5408, 5409
5409, 5408
5410, 5411
5411, 5410
5411, 5412
5412, 5411
5413, 5414
5414, 5413
5414, 5415
5415, 5414
5416, 5417
5417, 5416
5417, 5418
5418, 5417
5419, 5420
5420, 5419
5420, 5421
5421, 5420
5422, 5423
5423, 5422
5423, 5424
5424, 5423
5425, 5426
5426, 5425
5426, 5427
5427, 5426
5428, 5429
5429, 5428
5429, 5430
5430, 5429
5431, 5432
5432, 5431
5432, 5433
5433, 5432
5434, 5435
5435, 5434
5435, 5436
5436, 5435
5437, 5438
5438, 5437
5438, 5439
5439, 5438
5440, 5441
5441, 5440
5441, 5442
5442, 5441
5443, 5444
5444, 5443
5444, 5445
5445, 5444
5446, 5447
5447, 5446
5447, 5448
5448, 5447
5449, 5450
5450, 5449
5450, 5451
5451, 5450
5452, 5453
5453, 5452
5453, 5454
5454, 5453
5455, 5456
5456, 5455
5456, 5457
5457, 5456
5458, 5459
5459, 5458
5459, 5460
5460, 5459
5461, 5462
5462, 5461
5462, 5463
5463, 5462
5464, 5465
5465, 5464
5465, 5466
5466, 5465
5467, 5468
5468, 5467
5468, 5469
5469, 5468
5470, 5471
5471, 5470
5471, 5472
5472, 5471
5473, 5474
5474, 5473
5474, 5475
5475, 5474
5476, 5477
5477, 5476
5477, 5478
5478, 5477
5479, 5480
5480, 5479
5480, 5481
5481, 5480
5482, 5483
5483, 5482
5483, 5484
5484, 5483
5485, 5486
5486, 5485
5486, 5487
5487, 5486
5488, 5489
5489, 5488
5489, 5490
5490, 5489
5491, 5492
5492, 5491
5492, 5493
5493, 5492
5494, 5495
5495, 5494
5495, 5496
5496, 5495
5497, 5498
5498, 5497
5498, 5499
5499, 5498
5500, 5501
5501, 5500
5501, 5502
5502, 5501
5503, 5504
5504, 5503
5504, 5505
5505, 5504
5506, 5507
5507, 5506
5507, 5508
5508, 5507
5509, 5510
5510, 5509
5510, 5511
5511, 5510
5512, 5513
5513, 5512
5513, 5514
5514, 5513
5515, 5516
5516, 5515
5516, 5517
5517, 5516
5518, 5519
5519, 5518
5519, 5520
5520, 5519
5521, 5522
5522, 5521
5522, 5523
5523, 5522
5524, 5525
5525, 5524
5525, 5526
5526, 5525
5527, 5528
5528, 5527
5528, 5529
5529, 5528
5530, 5531
5531, 5530
5531, 5532
5532, 5531
5533, 5534
5534, 5533
5534, 5535
5535, 5534
5536, 5537
5537, 5536
5537, 5538
5538, 5537
5539, 5540
5540, 5539
5540, 5541
5541, 5540
5542, 5543
5543, 5542
5543, 5544
5544, 5543
5545, 5546
5546, 5545
5546, 5547
5547, 5546
5548, 5549
5549, 5548
5549, 5550
5550, 5549
5550, 5551
5551, 5550
5551, 5552
5552, 5551
5552, 5553
5553, 5552
5554, 5555
5555, 5554
5555, 5556
5556, 5555
5556, 5557
5557, 5556
5557, 5558
5558, 5557
5558, 5559
5559, 5558
5560, 5561
5561, 5560
5561, 5562
5562, 5561
5562, 5563
5563, 5562
5563, 5564
5564, 5563
5564, 5565
5565, 5564
5566, 5567
5567, 5566
5567, 5568
5568, 5567
5568, 5569
5569, 5568
5569, 5570
5570, 5569
5571, 5572
5572, 5571
5572, 5573
5573, 5572
5573, 5574
5574, 5573
5574, 5575
5575, 5574
5576, 5577
5577, 5576
5577, 5578
5578, 5577
5578, 5579
5579, 5578
5579, 5580
5580, 5579
5581, 5582
5582, 5581
5582, 5583
5583, 5582
5583, 5584
5584, 5583
5585, 5586
5586, 5585
5586, 5587
5587, 5586
5587, 5588
5588, 5587
5589, 5590
5590, 5589
5590, 5591
5591, 5590
5591, 5592
5592, 5591
5593, 5594
5594, 5593
5594, 5595
5595, 5594
5595, 5596
5596, 5595
5597, 5598
5598, 5597
5598, 5599
5599, 5598
5599, 5600
5600, 5599
5601, 5602
5602, 5601
5602, 5603
5603, 5602
5603, 5604
5604, 5603
5605, 5606
5606, 5605
5606, 5607
5607, 5606
5607, 5608
5608, 5607
5608, 5609
5609, 5608
5609, 5610
5610, 5609
5610, 5611
5611, 5610
5612, 5613
5613, 5612
5613, 5614
5614, 5613
5614, 5615
5615, 5614
5615, 5616
5616, 5615
5616, 5617
5617, 5616
5617, 5618
5618, 5617
5619, 5620
5620, 5619
5620, 5621
5621, 5620
5621, 5622
5622, 5621
5622, 5623
5623, 5622
5623, 5624
5624, 5623
5624, 5625
5625, 5624
5626, 5627
5627, 5626
5627, 5628
5628, 5627
5628, 5629
5629, 5628
5629, 5630
5630, 5629
5630, 5631
5631, 5630
5631, 5632
5632, 5631
5633, 5634
5634, 5633
5634, 5635
5635, 5634
5635, 5636
5636, 5635
5636, 5637
5637, 5636
5637, 5638
5638, 5637
5638, 5639
5639, 5638
5640, 5641
5641, 5640
5641, 5642
5642, 5641
5642, 5643
5643, 5642
5643, 5644
5644, 5643
5644, 5645
5645, 5644
5645, 5646
5646, 5645
5647, 5648
5648, 5647
5648, 5649
5649, 5648
5649, 5650
5650, 5649
5650, 5651
5651, 5650
5651, 5652
5652, 5651
5652, 5653
5653, 5652
5654, 5655
5655, 5654
5655, 5656
5656, 5655
5656, 5657
5657, 5656
5657, 5658
5658, 5657
5658, 5659
5659, 5658
5659, 5660
5660, 5659
5661, 5662
5662, 5661
5662, 5663
5663, 5662
5663, 5664
5664, 5663
5664, 5665
5665, 5664
5665, 5666
5666, 5665
5666, 5667
5667, 5666
5668, 5669
5669, 5668
5669, 5670
5670, 5669
5670, 5671
5671, 5670
5672, 5673
5673, 5672
5673, 5674
5674, 5673
5674, 5675
5675, 5674
5676, 5677
5677, 5676
5677, 5678
5678, 5677
5678, 5679
5679, 5678
5680, 5681
5681, 5680
5681, 5682
5682, 5681
5682, 5683
5683, 5682
5684, 5685
5685, 5684
5685, 5686
5686, 5685
5686, 5687
5687, 5686
5688, 5689
5689, 5688
5689, 5690
5690, 5689
5690, 5691
5691, 5690
5692, 5693
5693, 5692
5693, 5694
5694, 5693
5694, 5695
5695, 5694
5696, 5697
5697, 5696
5697, 5698
5698, 5697
5698, 5699
5699, 5698
5700, 5701
5701, 5700
5701, 5702
5702, 5701
5702, 5703
5703, 5702
5704, 5705
5705, 5704
5705, 5706
5706, 5705
5706, 5707
5707, 5706
5707, 5708
5708, 5707
5709, 5710
5710, 5709
5710, 5711
5711, 5710
5711, 5712
5712, 5711
5712, 5713
5713, 5712
5714, 5715
5715, 5714
5715, 5716
5716, 5715
5716, 5717
5717, 5716
5717, 5718
5718, 5717
5719, 5720
5720, 5719
5720, 5721
5721, 5720
5721, 5722
5722, 5721
5722, 5723
5723, 5722
5723, 5724
5724, 5723
5724, 5725
5725, 5724
5725, 5726
5726, 5725
5726, 5727
5727, 5726
5728, 5729
5729, 5728
5729, 5730
5730, 5729
5730, 5731
5731, 5730
5731, 5732
5732, 5731
5732, 5733
5733, 5732
5733, 5734
5734, 5733
5734, 5735
5735, 5734
5735, 5736
5736, 5735
5737, 5738
5738, 5737
5738, 5739
5739, 5738
5739, 5740
5740, 5739
5740, 5741
5741, 5740
5741, 5742
5742, 5741
5742, 5743
5743, 5742
5743, 5744
5744, 5743
5744, 5745
5745, 5744
5746, 5747
5747, 5746
5747, 5748
5748, 5747
5748, 5749
5749, 5748
5750, 5751
5751, 5750
5751, 5752
5752, 5751
5752, 5753
5753, 5752
5754, 5755
5755, 5754
5755, 5756
5756, 5755
5756, 5757
5757, 5756
5758, 5759
5759, 5758
5759, 5760
5760, 5759
5760, 5761
5761, 5760
5762, 5763
5763, 5762
5763, 5764
5764, 5763
5764, 5765
5765, 5764
5766, 5767
5767, 5766
5767, 5768
5768, 5767
5768, 5769
5769, 5768
5770, 5771
5771, 5770
5771, 5772
5772, 5771
5772, 5773
5773, 5772
5774, 5775
5775, 5774
5775, 5776
5776, 5775
5776, 5777
5777, 5776
5778, 5779
5779, 5778
5779, 5780
5780, 5779
5780, 5781
5781, 5780
5782, 5783
5783, 5782
5783, 5784
5784, 5783
5784, 5785
5785, 5784
5786, 5787
5787, 5786
5787, 5788
5788, 5787
5788, 5789
5789, 5788
5790, 5791
5791, 5790
5791, 5792
5792, 5791
5792, 5793
5793, 5792
5794, 5795
5795, 5794
5795, 5796
5796, 5795
5796, 5797
5797, 5796
5798, 5799
5799, 5798
5799, 5800
5800, 5799
5800, 5801
5801, 5800
5802, 5803
5803, 5802
5803, 5804
5804, 5803
5804, 5805
5805, 5804
5806, 5807
5807, 5806
5807, 5808
5808, 5807
5808, 5809
5809, 5808
5810, 5811
5811, 5810
5811, 5812
5812, 5811
5812, 5813
5813, 5812
5814, 5815
5815, 5814
5815, 5816
5816, 5815
5816, 5817
5817, 5816
5818, 5819
5819, 5818
5819, 5820
5820, 5819
5820, 5821
5821, 5820
5821, 5822
5822, 5821
5822, 5823
5823, 5822
5823, 5824
5824, 5823
5825, 5826
5826, 5825
5826, 5827
5827, 5826
5827, 5828
5828, 5827
5828, 5829
5829, 5828
5829, 5830
5830, 5829
5830, 5831
5831, 5830
5832, 5833
5833, 5832
5833, 5834
5834, 5833
5834, 5835
5835, 5834
5835, 5836
5836, 5835
5836, 5837
5837, 5836
5837, 5838
5838, 5837
5839, 5840
5840, 5839
5840, 5841
5841, 5840
5841, 5842
5842, 5841
5842, 5843
5843, 5842
5844, 5845
5845, 5844
5845, 5846
5846, 5845
5846, 5847
5847, 5846
5847, 5848
5848, 5847
5849, 5850
5850, 5849
5850, 5851
5851, 5850
5851, 5852
5852, 5851
5852, 5853
5853, 5852
5854, 5855
5855, 5854
5855, 5856
5856, 5855
5856, 5857
5857, 5856
5858, 5859
5859, 5858
5859, 5860
5860, 5859
5860, 5861
5861, 5860
5862, 5863
5863, 5862
5863, 5864
5864, 5863
5864, 5865
5865, 5864
5866, 5867
5867, 5866
5867, 5868
5868, 5867
5868, 5869
5869, 5868
5870, 5871
5871, 5870
5871, 5872
5872, 5871
5872, 5873
5873, 5872
5874, 5875
5875, 5874
5875, 5876
5876, 5875
5876, 5877
5877, 5876