1, 2
2, 1
2, 3
3, 2
4, 5
5, 4
5, 6
6, 5
7, 8
8, 7
8, 9
9, 8
10, 11
11, 10
11, 12
12, 11
13, 14
14, 13
15, 16
16, 15
17, 18
18, 17
19, 20
20, 19
21, 22
22, 21
23, 24
24, 23
25, 26
26, 25
27, 28
28, 27
29, 30
30, 29
31, 32
32, 31
33, 34
34, 33
35, 36
36, 35
37, 38
38, 37
39, 40
40, 39
41, 42
42, 41
43, 43
43, 43
44, 44
44, 44
45, 45
45, 45
46, 46
46, 46
47, 47
47, 47
48, 48
48, 48
49, 49
49, 49
50, 51
51, 50
52, 53
53, 52
54, 55
55, 54
56, 57
57, 56
58, 59
59, 58
60, 61
61, 60
62, 63
63, 62
64, 65
65, 64
66, 67
67, 66
68, 69
69, 68
69, 70
70, 69
71, 72
72, 71
72, 73
73, 72
74, 75
75, 74
75, 76
76, 75
77, 78
78, 77
78, 79
79, 78
80, 81
81, 80
81, 82
82, 81
83, 84
84, 83
84, 85
85, 84
86, 86
86, 86
87, 87
87, 87
88, 88
88, 88
89, 90
90, 89
90, 91
91, 90
91, 92
92, 91
92, 93
93, 92
93, 94
94, 93
95, 96
96, 95
96, 97
97, 96
97, 98
98, 97
98, 99
99, 98
99, 100
100, 99
101, 102
102, 101
102, 103
103, 102
103, 104
104, 103
104, 105
105, 104
105, 106
106, 105
107, 108
108, 107
108, 109
109, 108
109, 110
110, 109
110, 111
111, 110
111, 112
112, 111
113, 114
114, 113
114, 115
115, 114
115, 116
116, 115
116, 117
117, 116
117, 118
118, 117
119, 120
120, 119
120, 121
121, 120
121, 122
122, 121
122, 123
123, 122
123, 124
124, 123
125, 126
126, 125
126, 127
127, 126
127, 128
128, 127
128, 129
129, 128
129, 130
130, 129
130, 131
131, 130
132, 133
133, 132
133, 134
134, 133
134, 135
135, 134
135, 136
136, 135
136, 137
137, 136
137, 138
138, 137
139, 140
140, 139
140, 141
141, 140
141, 142
142, 141
142, 143
143, 142
143, 144
144, 143
144, 145
145, 144
146, 147
147, 146
147, 148
148, 147
148, 149
149, 148
149, 150
150, 149
150, 151
151, 150
151, 152
152, 151
153, 154
154, 153
154, 155
155, 154
155, 156
156, 155
156, 157
157, 156
157, 158
158, 157
158, 159
159, 158
160, 161
161, 160
161, 162
162, 161
162, 163
163, 162
163, 164
164, 163
164, 165
165, 164
165, 166
166, 165
167, 167
167, 167
168, 168
168, 168
169, 169
169, 169
170, 170
170, 170
171, 172
172, 171
172, 173
173, 172
173, 174
174, 173
175, 176
176, 175
176, 177
177, 176
177, 178
178, 177
179, 180
180, 179
180, 181
181, 180
181, 182
182, 181
183, 184
184, 183
184, 185
185, 184
185, 186
186, 185
187, 188
188, 187
189, 190
190, 189
191, 192
192, 191
193, 194
194, 193
194, 195
195, 194
195, 196
196, 195
197, 198
198, 197
198, 199
199, 198
199, 200
200, 199
201, 202
202, 201
202, 203
203, 202
203, 204
204, 203
205, 206
206, 205
206, 207
207, 206
207, 208
208, 207
209, 210
210, 209
210, 211
211, 210
212, 213
213, 212
213, 214
214, 213
215, 216
216, 215
216, 217
217, 216
218, 219
219, 218
219, 220
220, 219
221, 222
222, 221
222, 223
223, 222
223, 224
224, 223
224, 225
225, 224
225, 226
226, 225
227, 228
228, 227
228, 229
229, 228
229, 230
230, 229
230, 231
231, 230
231, 232
232, 231
233, 234
234, 233
234, 235
235, 234
235, 236
236, 235
236, 237
237, 236
237, 238
238, 237
239, 240
240, 239
240, 241
241, 240
241, 242
242, 241
242, 243
243, 242
243, 244
244, 243
245, 246
246, 245
246, 247
247, 246
247, 248
248, 247
248, 249
249, 248
249, 250
250, 249
251, 252
252, 251
252, 253
253, 252
253, 254
254, 253
254, 255
255, 254
255, 256
256, 255
257, 258
258, 257
258, 259
259, 258
260, 261
261, 260
261, 262
262, 261
263, 264
264, 263
264, 265
265, 264
266, 267
267, 266
268, 269
269, 268
270, 271
271, 270
272, 272
272, 272
273, 273
273, 273
274, 274
274, 274
275, 275
275, 275
276, 276
276, 276
277, 277
277, 277
278, 278
278, 278
279, 279
279, 279
280, 280
280, 280
281, 281
281, 281
282, 282
282, 282
283, 283
283, 283
284, 284
284, 284
285, 285
285, 285
286, 286
286, 286
287, 287
287, 287
288, 289
289, 288
289, 290
290, 289
291, 292
292, 291
292, 293
293, 292
294, 295
295, 294
295, 296
296, 295
297, 298
298, 297
298, 299
299, 298
300, 301
301, 300
302, 303
303, 302
304, 305
305, 304
306, 307
307, 306
308, 309
309, 308
310, 311
311, 310
312, 313
313, 312
314, 315
315, 314
316, 317
317, 316
318, 319
319, 318
320, 321
321, 320
322, 323
323, 322
324, 325
325, 324
326, 327
327, 326
328, 329
329, 328
330, 331
331, 330
332, 333
333, 332
334, 335
335, 334
336, 337
337, 336
338, 339
339, 338
340, 341
341, 340
342, 343
343, 342
344, 344
344, 344
345, 345
345, 345
346, 346
346, 346
347, 347
347, 347
348, 348
348, 348
349, 349
349, 349
350, 350
350, 350
351, 351
351, 351
352, 352
352, 352
353, 353
353, 353
354, 354
354, 354
355, 355
355, 355
356, 356
356, 356
357, 357
357, 357
358, 359
359, 358
360, 361
361, 360
362, 363
363, 362
364, 365
365, 364
366, 366
366, 366
367, 367
367, 367
368, 368
368, 368
369, 369
369, 369
370, 370
370, 370
371, 372
372, 371
373, 374
374, 373
375, 376
376, 375
377, 378
378, 377
379, 380
380, 379
381, 382
382, 381
383, 384
384, 383
385, 386
386, 385
387, 388
388, 387
389, 389
389, 389
390, 390
390, 390
391, 391
391, 391
392, 392
392, 392
393, 394
394, 393
394, 395
395, 394
395, 396
396, 395
397, 398
398, 397
398, 399
399, 398
399, 400
400, 399
401, 402
402, 401
402, 403
403, 402
403, 404
404, 403
405, 406
406, 405
406, 407
407, 406
407, 408
408, 407
409, 410
410, 409
411, 412
412, 411
413, 414
414, 413
415, 416
416, 415
417, 418
418, 417
419, 419
419, 419
420, 420
420, 420
421, 421
421, 421
422, 422
422, 422
423, 424
424, 423
424, 425
425, 424
425, 426
426, 425
427, 428
428, 427
428, 429
429, 428
429, 430
430, 429
431, 432
432, 431
432, 433
433, 432
433, 434
434, 433
435, 436
436, 435
436, 437
437, 436
438, 439
439, 438
439, 440
440, 439
441, 442
442, 441
442, 443
443, 442
444, 445
445, 444
445, 446
446, 445
447, 448
448, 447
448, 449
449, 448
450, 451
451, 450
451, 452
452, 451
453, 454
454, 453
454, 455
455, 454
456, 457
457, 456
457, 458
458, 457
459, 459
459, 459
460, 460
460, 460
461, 461
461, 461
462, 462
462, 462
463, 463
463, 463
464, 464
464, 464
465, 465
465, 465
466, 466
466, 466
467, 467
467, 467
468, 468
468, 468
469, 469
469, 469
470, 470
470, 470
471, 471
471, 471
472, 472
472, 472
473, 473
473, 473
474, 474
474, 474
475, 476
476, 475
476, 477
477, 476
477, 478
478, 477
478, 479
479, 478
479, 480
480, 479
481, 482
482, 481
482, 483
483, 482
483, 484
484, 483
484, 485
485, 484
485, 486
486, 485
487, 488
488, 487
488, 489
489, 488
489, 490
490, 489
490, 491
491, 490
491, 492
492, 491
493, 493
493, 493
494, 494
494, 494
495, 495
495, 495
496, 496
496, 496
497, 498
498, 497
498, 499
499, 498
499, 500
500, 499
500, 501
501, 500
501, 502
502, 501
502, 503
503, 502
504, 505
505, 504
505, 506
506, 505
506, 507
507, 506
507, 508
508, 507
508, 509
509, 508
509, 510
510, 509
511, 512
512, 511
512, 513
513, 512
513, 514
514, 513
514, 515
515, 514
515, 516
516, 515
516, 517
517, 516
518, 519
519, 518
519, 520
520, 519
520, 521
521, 520
521, 522
522, 521
522, 523
523, 522
523, 524
524, 523
525, 526
526, 525
527, 528
528, 527
529, 530
530, 529
531, 532
532, 531
533, 534
534, 533
535, 536
536, 535
537, 538
538, 537
538, 539
539, 538
540, 541
541, 540
541, 542
542, 541
543, 544
544, 543
544, 545
545, 544
546, 547
547, 546
548, 549
549, 548
550, 551
551, 550
552, 553
553, 552
554, 555
555, 554
556, 557
557, 556
558, 559
559, 558
560, 561
561, 560
562, 563
563, 562
564, 565
565, 564
566, 567
567, 566
567, 568
568, 567
569, 570
570, 569
570, 571
571, 570
572, 573
573, 572
573, 574
574, 573
575, 576
576, 575
577, 578
578, 577
579, 580
580, 579
581, 582
582, 581
583, 584
584, 583
585, 586
586, 585
586, 587
587, 586
588, 589
589, 588
589, 590
590, 589
591, 592
592, 591
592, 593
593, 592
594, 594
594, 594
595, 595
595, 595
596, 596
596, 596
597, 597
597, 597
598, 598
598, 598
599, 600
600, 599
600, 601
601, 600
602, 603
603, 602
603, 604
604, 603
605, 606
606, 605
606, 607
607, 606
608, 609
609, 608
609, 610
610, 609
611, 612
612, 611
612, 613
613, 612
614, 615
615, 614
615, 616
616, 615
616, 617
617, 616
618, 619
619, 618
619, 620
620, 619
620, 621
621, 620
622, 623
623, 622
623, 624
624, 623
624, 625
625, 624
626, 627
627, 626
627, 628
628, 627
628, 629
629, 628
630, 630
630, 630
631, 631
631, 631
632, 632
632, 632
633, 633
633, 633
634, 634
634, 634
635, 635
635, 635
636, 636
636, 636
637, 637
637, 637
638, 638
638, 638
639, 639
639, 639
640, 641
641, 640
641, 642
642, 641
642, 643
643, 642
644, 645
645, 644
645, 646
646, 645
646, 647
647, 646
648, 649
649, 648
649, 650
650, 649
650, 651
651, 650
652, 653
653, 652
653, 654
654, 653
654, 655
655, 654
656, 657
657, 656
657, 658
658, 657
658, 659
659, 658
660, 661
661, 660
662, 663
663, 662
664, 665
665, 664
666, 667
667, 666
668, 669
669, 668
669, 670
670, 669
671, 672
672, 671
672, 673
673, 672
674, 675
675, 674
675, 676
676, 675
677, 678
678, 677
678, 679
679, 678
680, 681
681, 680
681, 682
682, 681
683, 684
684, 683
685, 686
686, 685
687, 688
688, 687
689, 689
689, 689
690, 690
690, 690
691, 691
691, 691
692, 693
693, 692
693, 694
694, 693
695, 696
696, 695
696, 697
697, 696
698, 699
699, 698
699, 700
700, 699
701, 701
701, 701
702, 702
702, 702
703, 703
703, 703
704, 705
705, 704
705, 706
706, 705
707, 708
708, 707
708, 709
709, 708
710, 711
711, 710
711, 712
712, 711
713, 714
714, 713
714, 715
715, 714
716, 717
717, 716
717, 718
718, 717
718, 719
719, 718
720, 721
721, 720
721, 722
722, 721
722, 723
723, 722
724, 725
725, 724
725, 726
726, 725
726, 727
727, 726
728, 729
729, 728
729, 730
730, 729
730, 731
731, 730
732, 733
733, 732
733, 734
734, 733
734, 735
735, 734
736, 737
737, 736
737, 738
738, 737
738, 739
739, 738
740, 740
740, 740
741, 741
741, 741
742, 742
742, 742
743, 743
743, 743
744, 745
745, 744
745, 746
746, 745
746, 747
747, 746
747, 748
748, 747
748, 749
749, 748
750, 751
751, 750
751, 752
752, 751
752, 753
753, 752
753, 754
754, 753
754, 755
755, 754
756, 757
757, 756
757, 758
758, 757
758, 759
759, 758
759, 760
760, 759
760, 761
761, 760
762, 763
763, 762
763, 764
764, 763
765, 766
766, 765
766, 767
767, 766
768, 769
769, 768
769, 770
770, 769
771, 771
771, 771
772, 772
772, 772
773, 773
773, 773
774, 774
774, 774
775, 775
775, 775
776, 777
777, 776
778, 779
779, 778
780, 781
781, 780
782, 783
783, 782
784, 785
785, 784
786, 787
787, 786
788, 789
789, 788
790, 791
791, 790
792, 792
792, 792
793, 793
793, 793
794, 794
794, 794
795, 795
795, 795
796, 796
796, 796
797, 797
797, 797
798, 798
798, 798
799, 799
799, 799
800, 800
800, 800
801, 802
802, 801
802, 803
803, 802
804, 805
805, 804
805, 806
806, 805
807, 808
808, 807
808, 809
809, 808
810, 811
811, 810
811, 812
812, 811
813, 814
814, 813
814, 815
815, 814
816, 817
817, 816
818, 819
819, 818
820, 821
821, 820
822, 822
822, 822
823, 823
823, 823
824, 824
824, 824
825, 825
825, 825
826, 826
826, 826
827, 828
828, 827
829, 830
830, 829
831, 832
832, 831
833, 834
834, 833
835, 836
836, 835
836, 837
837, 836
837, 838
838, 837
838, 839
839, 838
839, 840
840, 839
841, 842
842, 841
842, 843
843, 842
843, 844
844, 843
844, 845
845, 844
845, 846
846, 845
847, 848
848, 847
848, 849
849, 848
849, 850
850, 849
850, 851
851, 850
851, 852
852, 851
853, 854
854, 853
854, 855
855, 854
855, 856
856, 855
856, 857
857, 856
857, 858
858, 857
859, 860
860, 859
860, 861
861, 860
862, 863
863, 862
863, 864
864, 863
865, 866
866, 865
866, 867
867, 866
868, 869
869, 868
869, 870
870, 869
871, 872
872, 871
872, 873
873, 872
874, 875
875, 874
876, 877
877, 876
878, 879
879, 878
880, 881
881, 880
882, 883
883, 882
884, 885
885, 884
886, 887
887, 886
888, 888
888, 888
889, 889
889, 889
890, 890
890, 890
891, 891
891, 891
892, 893
893, 892
894, 895
895, 894
896, 897
897, 896
898, 899
899, 898
900, 901
901, 900
902, 903
903, 902
904, 905
905, 904
906, 907
907, 906
908, 908
908, 908
909, 909
909, 909
910, 910
910, 910
911, 911
911, 911
912, 913
913, 912
913, 914
914, 913
914, 915
915, 914
915, 916
916, 915
916, 917
917, 916
917, 918
918, 917
919, 920
920, 919
920, 921
921, 920
921, 922
922, 921
922, 923
923, 922
923, 924
924, 923
924, 925
925, 924
926, 927
927, 926
927, 928
928, 927
928, 929
929, 928
929, 930
930, 929
930, 931
931, 930
931, 932
932, 931
933, 934
934, 933
935, 936
936, 935
937, 938
938, 937
939, 940
940, 939
941, 942
942, 941
943, 944
944, 943
945, 946
946, 945
947, 948
948, 947
949, 950
950, 949
951, 952
952, 951
953, 954
954, 953
954, 955
955, 954
956, 957
957, 956
957, 958
958, 957
959, 960
960, 959
960, 961
961, 960
962, 963
963, 962
963, 964
964, 963
965, 966
966, 965
966, 967
967, 966
968, 969
969, 968
969, 970
970, 969
971, 972
972, 971
972, 973
973, 972
974, 975
975, 974
975, 976
976, 975
977, 978
978, 977
979, 980
980, 979
981, 982
982, 981
983, 983
983, 983
984, 984
984, 984
985, 985
985, 985
986, 986
986, 986
987, 988
988, 987
989, 990
990, 989
991, 992
992, 991
993, 994
994, 993
994, 995
995, 994
996, 997
997, 996
997, 998
998, 997
999, 1000
1000, 999
1000, 1001
1001, 1000
1002, 1003
1003, 1002
1003, 1004
1004, 1003
1005, 1005
1005, 1005
1006, 1006
1006, 1006
1007, 1007
1007, 1007
1008, 1009
1009, 1008
1009, 1010
1010, 1009
1010, 1011
1011, 1010
1011, 1012
1012, 1011
1012, 1013
1013, 1012
1014, 1015
1015, 1014
1015, 1016
1016, 1015
1016, 1017
1017, 1016
1017, 1018
1018, 1017
1018, 1019
1019, 1018
1020, 1021
1021, 1020
1021, 1022
1022, 1021
1022, 1023
1023, 1022
1023, 1024
1024, 1023
1024, 1025
1025, 1024
1026, 1026
1026, 1026
1027, 1027
1027, 1027
1028, 1028
1028, 1028
1029, 1029
1029, 1029
1030, 1030
1030, 1030
1031, 1031
1031, 1031
1032, 1032
1032, 1032
1033, 1034
1034, 1033
1034, 1035
1035, 1034
1036, 1037
1037, 1036
1037, 1038
1038, 1037
1039, 1040
1040, 1039
1040, 1041
1041, 1040
1042, 1043
1043, 1042
1044, 1045
1045, 1044
1046, 1047
1047, 1046
1048, 1049
1049, 1048
1050, 1050
1050, 1050
1051, 1051
1051, 1051
1052, 1052
1052, 1052
1053, 1053
1053, 1053
1054, 1054
1054, 1054
1055, 1056
1056, 1055
1057, 1058
1058, 1057
1059, 1060
1060, 1059
1061, 1062
1062, 1061
1063, 1064
1064, 1063
1065, 1066
1066, 1065
1066, 1067
1067, 1066
1067, 1068
1068, 1067
1069, 1070
1070, 1069
1070, 1071
1071, 1070
1071, 1072
1072, 1071
1073, 1074
1074, 1073
1074, 1075
1075, 1074
1075, 1076
1076, 1075
1077, 1078
1078, 1077
1078, 1079
1079, 1078
1079, 1080
1080, 1079
1081, 1082
1082, 1081
1082, 1083
1083, 1082
1083, 1084
1084, 1083
1085, 1086
1086, 1085
1087, 1088
1088, 1087
1089, 1090
1090, 1089
1091, 1092
1092, 1091
1093, 1094
1094, 1093
1095, 1096
1096, 1095
1097, 1097
1097, 1097
1098, 1098
1098, 1098
1099, 1099
1099, 1099
1100, 1101
1101, 1100
1101, 1102
1102, 1101
1102, 1103
1103, 1102
1104, 1105
1105, 1104
1105, 1106
1106, 1105
1106, 1107
1107, 1106
1108, 1109
1109, 1108
1109, 1110
1110, 1109
1110, 1111
1111, 1110
1112, 1113
1113, 1112
1113, 1114
1114, 1113
1114, 1115
1115, 1114
1116, 1117
1117, 1116
1117, 1118
1118, 1117
1118, 1119
1119, 1118
1120, 1120
1120, 1120
1121, 1121
1121, 1121
1122, 1122
1122, 1122
1123, 1123
1123, 1123
1124, 1124
1124, 1124
1125, 1125
1125, 1125
1126, 1126
1126, 1126
1127, 1127
1127, 1127
1128, 1129
1129, 1128
1130, 1131
1131, 1130
1132, 1133
1133, 1132
1134, 1135
1135, 1134
1136, 1137
1137, 1136
1138, 1139
1139, 1138
1140, 1141
1141, 1140
1142, 1143
1143, 1142
1144, 1145
1145, 1144
1145, 1146
1146, 1145
1147, 1148
1148, 1147
1148, 1149
1149, 1148
1150, 1151
1151, 1150
1151, 1152
1152, 1151
1153, 1154
1154, 1153
1154, 1155
1155, 1154
1156, 1157
1157, 1156
1157, 1158
1158, 1157
1159, 1160
1160, 1159
1160, 1161
1161, 1160
1162, 1163
1163, 1162
1163, 1164
1164, 1163
1165, 1166
1166, 1165
1166, 1167
1167, 1166
1168, 1169
1169, 1168
1170, 1171
1171, 1170
1172, 1173
1173, 1172
1174, 1175
1175, 1174
1176, 1176
1176, 1176
1177, 1177
1177, 1177
1178, 1178
1178, 1178
1179, 1179
1179, 1179
1180, 1180
1180, 1180
1181, 1181
1181, 1181
1182, 1183
1183, 1182
1183, 1184
1184, 1183
1184, 1185
1185, 1184
1186, 1187
1187, 1186
1187, 1188
1188, 1187
1188, 1189
1189, 1188
1190, 1191
1191, 1190
1191, 1192
1192, 1191
1192, 1193
1193, 1192
1194, 1194
1194, 1194
1195, 1195
1195, 1195
1196, 1196
1196, 1196
1197, 1197
1197, 1197
1198, 1199
1199, 1198
1200, 1201
1201, 1200
1202, 1203
1203, 1202
1204, 1205
1205, 1204
1206, 1207
1207, 1206
1208, 1209
1209, 1208
1209, 1210
1210, 1209
1211, 1212
1212, 1211
1212, 1213
1213, 1212
1214, 1215
1215, 1214
1215, 1216
1216, 1215
1217, 1218
1218, 1217
1218, 1219
1219, 1218
1220, 1221
1221, 1220
1221, 1222
1222, 1221
1223, 1224
1224, 1223
1225, 1226
1226, 1225
1227, 1228
1228, 1227
1229, 1230
1230, 1229
1231, 1232
1232, 1231
1232, 1233
1233, 1232
1234, 1235
1235, 1234
1235, 1236
1236, 1235
1237, 1238
1238, 1237
1238, 1239
1239, 1238
1240, 1240
1240, 1240
1241, 1241
1241, 1241
1242, 1242
1242, 1242
1243, 1243
1243, 1243
1244, 1244
1244, 1244
1245, 1245
1245, 1245
1246, 1246
1246, 1246
1247, 1247
1247, 1247
1248, 1248
1248, 1248
1249, 1249
1249, 1249
1250, 1251
1251, 1250
1251, 1252
1252, 1251
1253, 1254
1254, 1253
1254, 1255
1255, 1254
1256, 1257
1257, 1256
1257, 1258
1258, 1257
1259, 1260
1260, 1259
1261, 1262
1262, 1261
1263, 1264
1264, 1263
1265, 1266
1266, 1265
1267, 1268
1268, 1267
1269, 1270
1270, 1269
1271, 1272
1272, 1271
1273, 1274
1274, 1273
1275, 1276
1276, 1275
1277, 1278
1278, 1277
1279, 1280
1280, 1279
1281, 1282
1282, 1281
1283, 1284
1284, 1283
1285, 1286
1286, 1285
1287, 1288
1288, 1287
1289, 1290
1290, 1289
1291, 1292
1292, 1291
1292, 1293
1293, 1292
1293, 1294
1294, 1293
1294, 1295
1295, 1294
1296, 1297
1297, 1296
1297, 1298
1298, 1297
1298, 1299
1299, 1298
1299, 1300
1300, 1299
1301, 1302
1302, 1301
1302, 1303
1303, 1302
1303, 1304
1304, 1303
1304, 1305
1305, 1304
1306, 1307
1307, 1306
1307, 1308
1308, 1307
1308, 1309
1309, 1308
1309, 1310
1310, 1309
1311, 1312
1312, 1311
1312, 1313
1313, 1312
1313, 1314
1314, 1313
1314, 1315
1315, 1314
1316, 1317
1317, 1316
1317, 1318
1318, 1317
1318, 1319
1319, 1318
1320, 1321
1321, 1320
1321, 1322
1322, 1321
1322, 1323
1323, 1322
1324, 1325
1325, 1324
1325, 1326
1326, 1325
1326, 1327
1327, 1326
1328, 1328
1328, 1328
1329, 1329
1329, 1329
1330, 1330
1330, 1330
1331, 1331
1331, 1331
1332, 1333
1333, 1332
1334, 1335
1335, 1334
1336, 1337
1337, 1336
1338, 1339
1339, 1338
1340, 1341
1341, 1340
1342, 1343
1343, 1342
1344, 1345
1345, 1344
1346, 1347
1347, 1346
1348, 1349
1349, 1348
1350, 1351
1351, 1350
1352, 1353
1353, 1352
1354, 1355
1355, 1354
1356, 1357
1357, 1356
1358, 1359
1359, 1358
1360, 1360
1360, 1360
1361, 1361
1361, 1361
1362, 1362
1362, 1362
1363, 1363
1363, 1363
1364, 1365
1365, 1364
1365, 1366
1366, 1365
1367, 1368
1368, 1367
1368, 1369
1369, 1368
1370, 1371
1371, 1370
1371, 1372
1372, 1371
1373, 1374
1374, 1373
1374, 1375
1375, 1374
1376, 1377
1377, 1376
1377, 1378
1378, 1377
1379, 1380
1380, 1379
1380, 1381
1381, 1380
1382, 1383
1383, 1382
1383, 1384
1384, 1383
1385, 1386
1386, 1385
1386, 1387
1387, 1386
1388, 1389
1389, 1388
1390, 1391
1391, 1390
1392, 1393
1393, 1392
1394, 1395
1395, 1394
1396, 1396
1396, 1396
1397, 1397
1397, 1397
1398, 1398
1398, 1398
1399, 1399
1399, 1399
1400, 1400
1400, 1400
1401, 1402
1402, 1401
1402, 1403
1403, 1402
1403, 1404
1404, 1403
1405, 1406
1406, 1405
1406, 1407
1407, 1406
1407, 1408
1408, 1407
1409, 1410
1410, 1409
1410, 1411
1411, 1410
1411, 1412
1412, 1411
1413, 1414
1414, 1413
1414, 1415
1415, 1414
1416, 1417
1417, 1416
1417, 1418
1418, 1417
1419, 1420
1420, 1419
1420, 1421
1421, 1420
1422, 1423
1423, 1422
1423, 1424
1424, 1423
1425, 1426
1426, 1425
1426, 1427
1427, 1426
1428, 1429
1429, 1428
1430, 1431
1431, 1430
1432, 1433
1433, 1432
1434, 1435
1435, 1434
1436, 1437
1437, 1436
1438, 1439
1439, 1438
1440, 1441
1441, 1440
1442, 1443
1443, 1442
1444, 1445
1445, 1444
1446, 1447
1447, 1446
1448, 1449
1449, 1448
1450, 1451
1451, 1450
1452, 1453
1453, 1452
1454, 1455
1455, 1454
1455, 1456
1456, 1455
1457, 1458
1458, 1457
1458, 1459
1459, 1458
1460, 1461
1461, 1460
1461, 1462
1462, 1461
1463, 1464
1464, 1463
1464, 1465
1465, 1464
1466, 1467
1467, 1466
1467, 1468
1468, 1467
1469, 1470
1470, 1469
1471, 1472
1472, 1471
1473, 1474
1474, 1473
1475, 1476
1476, 1475
1477, 1478
1478, 1477
1478, 1479
1479, 1478
1480, 1481
1481, 1480
1481, 1482
1482, 1481
1483, 1484
1484, 1483
1484, 1485
1485, 1484
1486, 1486
1486, 1486
1487, 1487
1487, 1487
1488, 1488
1488, 1488
1489, 1490
1490, 1489
1491, 1492
1492, 1491
1493, 1494
1494, 1493
1495, 1496
1496, 1495
1497, 1498
1498, 1497
1498, 1499
1499, 1498
1500, 1501
1501, 1500
1501, 1502
1502, 1501
1503, 1504
1504, 1503
1504, 1505
1505, 1504
1506, 1507
1507, 1506
1508, 1509
1509, 1508
1510, 1511
1511, 1510
1512, 1513
1513, 1512
1514, 1515
1515, 1514
1516, 1517
1517, 1516
1517, 1518
1518, 1517
1519, 1520
1520, 1519
1520, 1521
1521, 1520
1522, 1523
1523, 1522
1523, 1524
1524, 1523
1525, 1526
1526, 1525
1526, 1527
1527, 1526
1528, 1529
1529, 1528
1529, 1530
1530, 1529
1531, 1532
1532, 1531
1533, 1534
1534, 1533
1535, 1536
1536, 1535
1537, 1538
1538, 1537
1539, 1540
1540, 1539
1541, 1542
1542, 1541
1543, 1544
1544, 1543
1545, 1545
1545, 1545
1546, 1546
1546, 1546
1547, 1547
1547, 1547
1548, 1548
1548, 1548
1549, 1550
1550, 1549
1550, 1551
1551, 1550
1552, 1553
1553, 1552
1553, 1554
1554, 1553
1555, 1556
1556, 1555
1556, 1557
1557, 1556
1558, 1559
1559, 1558
1559, 1560
1560, 1559
1561, 1562
1562, 1561
1562, 1563
1563, 1562
1564, 1565
1565, 1564
1565, 1566
1566, 1565
1567, 1568
1568, 1567
1568, 1569
1569, 1568
1570, 1571
1571, 1570
1571, 1572
1572, 1571
1573, 1574
1574, 1573
1574, 1575
1575, 1574
1576, 1577
1577, 1576
1578, 1579
1579, 1578
1580, 1581
1581, 1580
1582, 1583
1583, 1582
1583, 1584
1584, 1583
1584, 1585
1585, 1584
1586, 1587
1587, 1586
1587, 1588
1588, 1587
1588, 1589
1589, 1588
1590, 1591
1591, 1590
1591, 1592
1592, 1591
1592, 1593
1593, 1592
1594, 1595
1595, 1594
1595, 1596
1596, 1595
1596, 1597
1597, 1596
1598, 1599
1599, 1598
1599, 1600
1600, 1599
1600, 1601
1601, 1600
1602, 1603
1603, 1602
1603, 1604
1604, 1603
1605, 1606
1606, 1605
1606, 1607
1607, 1606
1608, 1609
1609, 1608
1609, 1610
1610, 1609
1611, 1612
1612, 1611
1613, 1614
1614, 1613
1615, 1616
1616, 1615
1617, 1618
1618, 1617
1618, 1619
1619, 1618
1620, 1621
1621, 1620
1621, 1622
1622, 1621
1623, 1624
1624, 1623
1624, 1625
1625, 1624
1626, 1627
1627, 1626
1627, 1628
1628, 1627
1629, 1630
1630, 1629
1630, 1631
1631, 1630
1632, 1633
1633, 1632
1633, 1634
1634, 1633
1635, 1636
1636, 1635
1636, 1637
1637, 1636
1638, 1639
1639, 1638
1639, 1640
1640, 1639
1641, 1642
1642, 1641
1642, 1643
1643, 1642
1644, 1644
1644, 1644
1645, 1645
1645, 1645
1646, 1646
1646, 1646
1647, 1648
1648, 1647
1648, 1649
1649, 1648
1650, 1651
1651, 1650
1651, 1652
1652, 1651
1653, 1654
1654, 1653
1654, 1655
1655, 1654
1656, 1656
1656, 1656
1657, 1657
1657, 1657
1658, 1658
1658, 1658
1659, 1659
1659, 1659
1660, 1661
1661, 1660
1662, 1663
1663, 1662
1664, 1665
1665, 1664
1666, 1667
1667, 1666
1668, 1669
1669, 1668
1670, 1671
1671, 1670
1672, 1673
1673, 1672
1674, 1675
1675, 1674
1676, 1677
1677, 1676
1677, 1678
1678, 1677
1678, 1679
1679, 1678
1680, 1681
1681, 1680
1681, 1682
1682, 1681
1682, 1683
1683, 1682
1684, 1685
1685, 1684
1685, 1686
1686, 1685
1686, 1687
1687, 1686
1688, 1689
1689, 1688
1689, 1690
1690, 1689
1690, 1691
1691, 1690
1692, 1693
1693, 1692
1693, 1694
1694, 1693
1695, 1696
1696, 1695
1696, 1697
1697, 1696
1698, 1699
1699, 1698
1699, 1700
1700, 1699
1701, 1702
1702, 1701
1702, 1703
1703, 1702
1704, 1705
1705, 1704
1706, 1707
1707, 1706
1708, 1709
1709, 1708
1710, 1711
1711, 1710
1712, 1713
1713, 1712
1714, 1715
1715, 1714
1715, 1716
1716, 1715
1716, 1717
1717, 1716
1718, 1719
1719, 1718
1719, 1720
1720, 1719
1720, 1721
1721, 1720
1722, 1723
1723, 1722
1723, 1724
1724, 1723
1724, 1725
1725, 1724
1726, 1727
1727, 1726
1727, 1728
1728, 1727
1728, 1729
1729, 1728
1730, 1731
1731, 1730
1731, 1732
1732, 1731
1732, 1733
1733, 1732
1734, 1735
1735, 1734
1735, 1736
1736, 1735
1737, 1738
1738, 1737
1738, 1739
1739, 1738
1740, 1741
1741, 1740
1741, 1742
1742, 1741
1743, 1744
1744, 1743
1744, 1745
1745, 1744
1745, 1746
1746, 1745
1747, 1748
1748, 1747
1748, 1749
1749, 1748
1749, 1750
1750, 1749
1751, 1752
1752, 1751
1752, 1753
1753, 1752
1753, 1754
1754, 1753
1755, 1756
1756, 1755
1756, 1757
1757, 1756
1757, 1758
1758, 1757
1759, 1759
1759, 1759
1760, 1760
1760, 1760
1761, 1761
1761, 1761
1762, 1762
1762, 1762
1763, 1764
1764, 1763
1765, 1766
1766, 1765
1767, 1768
1768, 1767
1769, 1770
1770, 1769
1771, 1772
1772, 1771
1773, 1774
1774, 1773
1775, 1776
1776, 1775
1777, 1778
1778, 1777
1779, 1780
1780, 1779
1780, 1781
1781, 1780
1781, 1782
1782, 1781
1783, 1784
1784, 1783
1784, 1785
1785, 1784
1785, 1786
1786, 1785
1787, 1788
1788, 1787
1788, 1789
1789, 1788
1789, 1790
1790, 1789
1791, 1792
1792, 1791
1792, 1793
1793, 1792
1793, 1794
1794, 1793
1795, 1796
1796, 1795
1796, 1797
1797, 1796
1797, 1798
1798, 1797
1798, 1799
1799, 1798
1799, 1800
1800, 1799
1801, 1802
1802, 1801
1802, 1803
1803, 1802
1803, 1804
1804, 1803
1804, 1805
1805, 1804
1805, 1806
1806, 1805
1807, 1808
1808, 1807
1808, 1809
1809, 1808
1809, 1810
1810, 1809
1810, 1811
1811, 1810
1811, 1812
1812, 1811
1813, 1814
1814, 1813
1814, 1815
1815, 1814
1815, 1816
1816, 1815
1816, 1817
1817, 1816
1817, 1818
1818, 1817
1819, 1819
1819, 1819
1820, 1820
1820, 1820
1821, 1821
1821, 1821
1822, 1822
1822, 1822
1823, 1824
1824, 1823
1825, 1826
1826, 1825
1827, 1828
1828, 1827
1829, 1830
1830, 1829
1831, 1832
1832, 1831
1832, 1833
1833, 1832
1834, 1835
1835, 1834
1835, 1836
1836, 1835
1837, 1838
1838, 1837
1838, 1839
1839, 1838
1840, 1841
1841, 1840
1841, 1842
1842, 1841
1843, 1844
1844, 1843
1844, 1845
1845, 1844
1846, 1847
1847, 1846
1847, 1848
1848, 1847
1849, 1850
1850, 1849
1850, 1851
1851, 1850
1852, 1853
1853, 1852
1853, 1854
1854, 1853
1855, 1856
1856, 1855
1857, 1858
1858, 1857
1859, 1860
1860, 1859
1861, 1862
1862, 1861
1863, 1864
1864, 1863
1865, 1866
1866, 1865
1867, 1868
1868, 1867
1869, 1870
1870, 1869
1871, 1872
1872, 1871
1873, 1873
1873, 1873
1874, 1874
1874, 1874
1875, 1875
1875, 1875
1876, 1876
1876, 1876
1877, 1877
1877, 1877
1878, 1878
1878, 1878
1879, 1879
1879, 1879
1880, 1880
1880, 1880
1881, 1882
1882, 1881
1883, 1884
1884, 1883
1885, 1886
1886, 1885
1887, 1887
1887, 1887
1888, 1888
1888, 1888
1889, 1889
1889, 1889
1890, 1891
1891, 1890
1891, 1892
1892, 1891
1892, 1893
1893, 1892
1894, 1895
1895, 1894
1895, 1896
1896, 1895
1896, 1897
1897, 1896
1898, 1899
1899, 1898
1899, 1900
1900, 1899
1900, 1901
1901, 1900
1902, 1903
1903, 1902
1904, 1905
1905, 1904
1906, 1907
1907, 1906
1908, 1909
1909, 1908
1909, 1910
1910, 1909
1911, 1912
1912, 1911
1912, 1913
1913, 1912
1914, 1915
1915, 1914
1915, 1916
1916, 1915
1917, 1918
1918, 1917
1919, 1920
1920, 1919
1921, 1922
1922, 1921
1923, 1924
1924, 1923
1925, 1926
1926, 1925
1926, 1927
1927, 1926
1928, 1929
1929, 1928
1929, 1930
1930, 1929
1931, 1932
1932, 1931
1932, 1933
1933, 1932
1934, 1935
1935, 1934
1936, 1937
1937, 1936
1938, 1939
1939, 1938
1940, 1941
1941, 1940
1942, 1943
1943, 1942
1944, 1945
1945, 1944
1946, 1947
1947, 1946
1948, 1949
1949, 1948
1950, 1950
1950, 1950
1951, 1951
1951, 1951
1952, 1952
1952, 1952
1953, 1953
1953, 1953
1954, 1955
1955, 1954
1956, 1957
1957, 1956
1958, 1959
1959, 1958
1960, 1961
1961, 1960
1962, 1963
1963, 1962
1964, 1965
1965, 1964
1966, 1967
1967, 1966
1968, 1969
1969, 1968
1970, 1971
1971, 1970
1972, 1973
1973, 1972
1974, 1974
1974, 1974
1975, 1975
1975, 1975
1976, 1976
1976, 1976
1977, 1977
1977, 1977
1978, 1979
1979, 1978
1980, 1981
1981, 1980
1982, 1983
1983, 1982
1984, 1985
1985, 1984
1986, 1987
1987, 1986
1987, 1988
1988, 1987
1988, 1989
1989, 1988
1989, 1990
1990, 1989
1990, 1991
1991, 1990
1992, 1993
1993, 1992
1993, 1994
1994, 1993
1994, 1995
1995, 1994
1995, 1996
1996, 1995
1996, 1997
1997, 1996
1998, 1999
1999, 1998
1999, 2000
2000, 1999
2000, 2001
2001, 2000
2001, 2002
2002, 2001
2002, 2003
2003, 2002
2004, 2005
2005, 2004
2005, 2006
2006, 2005
2006, 2007
2007, 2006
2007, 2008
2008, 2007
2008, 2009
2009, 2008
2010, 2011
2011, 2010
2011, 2012
2012, 2011
2012, 2013
2013, 2012
2013, 2014
2014, 2013
2014, 2015
2015, 2014
2016, 2016
2016, 2016
2017, 2017
2017, 2017
2018, 2018
2018, 2018
2019, 2019
2019, 2019
2020, 2021
2021, 2020
2021, 2022
2022, 2021
2023, 2024
2024, 2023
2024, 2025
2025, 2024
2026, 2027
2027, 2026
2027, 2028
2028, 2027
2029, 2029
2029, 2029
2030, 2030
2030, 2030
2031, 2031
2031, 2031
2032, 2032
2032, 2032
2033, 2034
2034, 2033
2035, 2036
2036, 2035
2037, 2038
2038, 2037
2039, 2040
2040, 2039
2041, 2042
2042, 2041
2042, 2043
2043, 2042
2044, 2045
2045, 2044
2045, 2046
2046, 2045
2047, 2048
2048, 2047
2048, 2049
2049, 2048
2050, 2051
2051, 2050
2051, 2052
2052, 2051
2053, 2054
2054, 2053
2054, 2055
2055, 2054
2056, 2057
2057, 2056
2057, 2058
2058, 2057
2059, 2060
2060, 2059
2060, 2061
2061, 2060
2062, 2063
2063, 2062
2063, 2064
2064, 2063
2065, 2066
2066, 2065
2066, 2067
2067, 2066
2068, 2069
2069, 2068
2069, 2070
2070, 2069
2071, 2072
2072, 2071
2072, 2073
2073, 2072
2074, 2075
2075, 2074
2076, 2077
2077, 2076
2078, 2079
2079, 2078
2080, 2081
2081, 2080
2082, 2083
2083, 2082
2083, 2084
2084, 2083
2084, 2085
2085, 2084
2086, 2087
2087, 2086
2087, 2088
2088, 2087
2088, 2089
2089, 2088
2090, 2091
2091, 2090
2091, 2092
2092, 2091
2092, 2093
2093, 2092
2094, 2095
2095, 2094
2095, 2096
2096, 2095
2096, 2097
2097, 2096
2098, 2099
2099, 2098
2100, 2101
2101, 2100
2102, 2103
2103, 2102
2104, 2105
2105, 2104
2106, 2107
2107, 2106
2108, 2109
2109, 2108
2110, 2111
2111, 2110
2112, 2113
2113, 2112
2114, 2115
2115, 2114
2115, 2116
2116, 2115
2117, 2118
2118, 2117
2118, 2119
2119, 2118
2120, 2121
2121, 2120
2121, 2122
2122, 2121
2123, 2124
2124, 2123
2124, 2125
2125, 2124
2126, 2127
2127, 2126
2127, 2128
2128, 2127
2129, 2130
2130, 2129
2130, 2131
2131, 2130
2132, 2133
2133, 2132
2133, 2134
2134, 2133
2135, 2135
2135, 2135
2136, 2136
2136, 2136
2137, 2137
2137, 2137
2138, 2138
2138, 2138
2139, 2140
2140, 2139
2140, 2141
2141, 2140
2141, 2142
2142, 2141
2143, 2144
2144, 2143
2144, 2145
2145, 2144
2145, 2146
2146, 2145
2147, 2148
2148, 2147
2148, 2149
2149, 2148
2149, 2150
2150, 2149
2151, 2152
2152, 2151
2152, 2153
2153, 2152
2154, 2155
2155, 2154
2155, 2156
2156, 2155
2157, 2158
2158, 2157
2158, 2159
2159, 2158
2160, 2161
2161, 2160
2161, 2162
2162, 2161
2163, 2164
2164, 2163
2165, 2166
2166, 2165
2167, 2168
2168, 2167
2169, 2170
2170, 2169
2171, 2172
2172, 2171
2173, 2174
2174, 2173
2175, 2176
2176, 2175
2177, 2178
2178, 2177
2179, 2180
2180, 2179
2181, 2182
2182, 2181
2183, 2184
2184, 2183
2184, 2185
2185, 2184
2185, 2186
2186, 2185
2187, 2188
2188, 2187
2188, 2189
2189, 2188
2189, 2190
2190, 2189
2191, 2192
2192, 2191
2192, 2193
2193, 2192
2193, 2194
2194, 2193
2195, 2195
2195, 2195
2196, 2196
2196, 2196
2197, 2197
2197, 2197
2198, 2198
2198, 2198
2199, 2199
2199, 2199
2200, 2200
2200, 2200
2201, 2201
2201, 2201
2202, 2202
2202, 2202
2203, 2204
2204, 2203
2205, 2206
2206, 2205
2207, 2208
2208, 2207
2209, 2210
2210, 2209
2211, 2212
2212, 2211
2213, 2214
2214, 2213
2215, 2216
2216, 2215
2217, 2218
2218, 2217
2219, 2220
2220, 2219
2221, 2222
2222, 2221
2223, 2224
2224, 2223
2225, 2225
2225, 2225
2226, 2226
2226, 2226
2227, 2227
2227, 2227
2228, 2228
2228, 2228
2229, 2229
2229, 2229
2230, 2230
2230, 2230
2231, 2231
2231, 2231
2232, 2232
2232, 2232
2233, 2233
2233, 2233
2234, 2234
2234, 2234
2235, 2235
2235, 2235
2236, 2236
2236, 2236
2237, 2237
2237, 2237
2238, 2238
2238, 2238
2239, 2239
2239, 2239
2240, 2240
2240, 2240
2241, 2241
2241, 2241
2242, 2242
2242, 2242
2243, 2244
2244, 2243
2244, 2245
2245, 2244
2246, 2247
2247, 2246
2247, 2248
2248, 2247
2249, 2250
2250, 2249
2250, 2251
2251, 2250
2252, 2253
2253, 2252
2254, 2255
2255, 2254
2256, 2257
2257, 2256
2258, 2259
2259, 2258
2260, 2260
2260, 2260
2261, 2261
2261, 2261
2262, 2262
2262, 2262
2263, 2263
2263, 2263
2264, 2264
2264, 2264
2265, 2265
2265, 2265
2266, 2266
2266, 2266
2267, 2267
2267, 2267
2268, 2269
2269, 2268
2269, 2270
2270, 2269
2271, 2272
2272, 2271
2272, 2273
2273, 2272
2274, 2275
2275, 2274
2275, 2276
2276, 2275
2277, 2278
2278, 2277
2279, 2280
2280, 2279
2281, 2282
2282, 2281
2283, 2284
2284, 2283
2285, 2286
2286, 2285
2287, 2288
2288, 2287
2289, 2290
2290, 2289
2291, 2292
2292, 2291
2293, 2294
2294, 2293
2295, 2296
2296, 2295
2297, 2298
2298, 2297
2299, 2300
2300, 2299
2301, 2302
2302, 2301
2303, 2304
2304, 2303
2305, 2306
2306, 2305
2307, 2308
2308, 2307
2308, 2309
2309, 2308
2309, 2310
2310, 2309
2310, 2311
2311, 2310
2311, 2312
2312, 2311
2313, 2314
2314, 2313
2314, 2315
2315, 2314
2315, 2316
2316, 2315
2316, 2317
2317, 2316
2317, 2318
2318, 2317
2319, 2320
2320, 2319
2320, 2321
2321, 2320
2321, 2322
2322, 2321
2322, 2323
2323, 2322
2323, 2324
2324, 2323
2325, 2325
2325, 2325
2326, 2326
2326, 2326
2327, 2327
2327, 2327
2328, 2329
2329, 2328
2330, 2331
2331, 2330
2332, 2333
2333, 2332
2334, 2335
2335, 2334
2336, 2337
2337, 2336
2338, 2339
2339, 2338
2340, 2341
2341, 2340
2342, 2343
2343, 2342
2344, 2345
2345, 2344
2345, 2346
2346, 2345
2347, 2348
2348, 2347
2348, 2349
2349, 2348
2350, 2351
2351, 2350
2351, 2352
2352, 2351
2353, 2354
2354, 2353
2354, 2355
2355, 2354
2356, 2357
2357, 2356
2357, 2358
2358, 2357
2359, 2360
2360, 2359
2360, 2361
2361, 2360
2362, 2363
2363, 2362
2363, 2364
2364, 2363
2365, 2366
2366, 2365
2366, 2367
2367, 2366
2368, 2368
2368, 2368
2369, 2369
2369, 2369
2370, 2370
2370, 2370
2371, 2371
2371, 2371
2372, 2373
2373, 2372
2374, 2375
2375, 2374
2376, 2377
2377, 2376
2378, 2379
2379, 2378
2380, 2381
2381, 2380
2382, 2382
2382, 2382
2383, 2383
2383, 2383
2384, 2384
2384, 2384
2385, 2385
2385, 2385
2386, 2387
2387, 2386
2387, 2388
2388, 2387
2389, 2390
2390, 2389
2390, 2391
2391, 2390
2392, 2393
2393, 2392
2393, 2394
2394, 2393
2395, 2396
2396, 2395
2396, 2397
2397, 2396
2398, 2399
2399, 2398
2399, 2400
2400, 2399
2401, 2402
2402, 2401
2402, 2403
2403, 2402
2404, 2405
2405, 2404
2405, 2406
2406, 2405
2407, 2408
2408, 2407
2408, 2409
2409, 2408
2410, 2411
2411, 2410
2411, 2412
2412, 2411
2413, 2414
2414, 2413
2415, 2416
2416, 2415
2417, 2418
2418, 2417
2419, 2420
2420, 2419
2421, 2422
2422, 2421
2423, 2424
2424, 2423
2425, 2426
2426, 2425
2427, 2428
2428, 2427
2429, 2430
2430, 2429
2430, 2431
2431, 2430
2432, 2433
2433, 2432
2433, 2434
2434, 2433
2435, 2436
2436, 2435
2436, 2437
2437, 2436
2438, 2439
2439, 2438
2440, 2441
2441, 2440
2442, 2443
2443, 2442
2444, 2445
2445, 2444
2446, 2447
2447, 2446
2448, 2449
2449, 2448
2450, 2451
2451, 2450
2452, 2453
2453, 2452
2454, 2454
2454, 2454
2455, 2455
2455, 2455
2456, 2456
2456, 2456
2457, 2457
2457, 2457
2458, 2459
2459, 2458
2459, 2460
2460, 2459
2461, 2462
2462, 2461
2462, 2463
2463, 2462
2464, 2465
2465, 2464
2465, 2466
2466, 2465
2467, 2468
2468, 2467
2469, 2470
2470, 2469
2471, 2472
2472, 2471
2473, 2474
2474, 2473
2475, 2476
2476, 2475
2477, 2477
2477, 2477
2478, 2478
2478, 2478
2479, 2479
2479, 2479
2480, 2480
2480, 2480
2481, 2482
2482, 2481
2483, 2484
2484, 2483
2485, 2486
2486, 2485
2487, 2488
2488, 2487
2489, 2489
2489, 2489
2490, 2490
2490, 2490
2491, 2491
2491, 2491
2492, 2493
2493, 2492
2494, 2495
2495, 2494
2496, 2497
2497, 2496
2498, 2499
2499, 2498
2500, 2501
2501, 2500
2502, 2503
2503, 2502
2504, 2505
2505, 2504
2506, 2507
2507, 2506
2508, 2509
2509, 2508
2509, 2510
2510, 2509
2511, 2512
2512, 2511
2512, 2513
2513, 2512
2514, 2515
2515, 2514
2515, 2516
2516, 2515
2517, 2518
2518, 2517
2518, 2519
2519, 2518
2520, 2521
2521, 2520
2521, 2522
2522, 2521
2523, 2524
2524, 2523
2525, 2526
2526, 2525
2527, 2528
2528, 2527
2529, 2530
2530, 2529
2531, 2532
2532, 2531
2533, 2534
2534, 2533
2535, 2536
2536, 2535
2537, 2537
2537, 2537
2538, 2538
2538, 2538
2539, 2539
2539, 2539
2540, 2541
2541, 2540
2541, 2542
2542, 2541
2542, 2543
2543, 2542
2544, 2545
2545, 2544
2545, 2546
2546, 2545
2546, 2547
2547, 2546
2548, 2549
2549, 2548
2549, 2550
2550, 2549
2550, 2551
2551, 2550
2552, 2553
2553, 2552
2553, 2554
2554, 2553
2554, 2555
2555, 2554
2556, 2557
2557, 2556
2557, 2558
2558, 2557
2558, 2559
2559, 2558
2560, 2561
2561, 2560
2561, 2562
2562, 2561
2562, 2563
2563, 2562
2564, 2565
2565, 2564
2566, 2567
2567, 2566
2568, 2569
2569, 2568
2570, 2571
2571, 2570
2572, 2573
2573, 2572
2573, 2574
2574, 2573
2575, 2576
2576, 2575
2576, 2577
2577, 2576
2578, 2579
2579, 2578
2579, 2580
2580, 2579
2581, 2582
2582, 2581
2582, 2583
2583, 2582
2583, 2584
2584, 2583
2585, 2586
2586, 2585
2586, 2587
2587, 2586
2587, 2588
2588, 2587
2589, 2590
2590, 2589
2590, 2591
2591, 2590
2591, 2592
2592, 2591
2593, 2594
2594, 2593
2594, 2595
2595, 2594
2595, 2596
2596, 2595
2597, 2598
2598, 2597
2598, 2599
2599, 2598
2599, 2600
2600, 2599
2601, 2602
2602, 2601
2602, 2603
2603, 2602
2603, 2604
2604, 2603
2605, 2606
2606, 2605
2606, 2607
2607, 2606
2607, 2608
2608, 2607
2609, 2610
2610, 2609
2610, 2611
2611, 2610
2612, 2613
2613, 2612
2613, 2614
2614, 2613
2615, 2616
2616, 2615
2616, 2617
2617, 2616
2618, 2619
2619, 2618
2619, 2620
2620, 2619
2621, 2622
2622, 2621
2622, 2623
2623, 2622
2624, 2625
2625, 2624
2625, 2626
2626, 2625
2626, 2627
2627, 2626
2627, 2628
2628, 2627
2628, 2629
2629, 2628
2630, 2631
2631, 2630
2631, 2632
2632, 2631
2632, 2633
2633, 2632
2633, 2634
2634, 2633
2634, 2635
2635, 2634
2636, 2637
2637, 2636
2637, 2638
2638, 2637
2638, 2639
2639, 2638
2639, 2640
2640, 2639
2640, 2641
2641, 2640
2642, 2643
2643, 2642
2643, 2644
2644, 2643
2644, 2645
2645, 2644
2645, 2646
2646, 2645
2646, 2647
2647, 2646
2648, 2648
2648, 2648
2649, 2649
2649, 2649
2650, 2650
2650, 2650
2651, 2651
2651, 2651
2652, 2652
2652, 2652
2653, 2654
2654, 2653
2654, 2655
2655, 2654
2656, 2657
2657, 2656
2657, 2658
2658, 2657
2659, 2660
2660, 2659
2660, 2661
2661, 2660
2662, 2663
2663, 2662
2664, 2665
2665, 2664
2666, 2667
2667, 2666
2668, 2669
2669, 2668
2670, 2671
2671, 2670
2672, 2673
2673, 2672
2674, 2675
2675, 2674
2676, 2677
2677, 2676
2678, 2679
2679, 2678
2679, 2680
2680, 2679
2681, 2682
2682, 2681
2682, 2683
2683, 2682
2684, 2685
2685, 2684
2685, 2686
2686, 2685
2687, 2688
2688, 2687
2688, 2689
2689, 2688
2690, 2691
2691, 2690
2691, 2692
2692, 2691
2693, 2694
2694, 2693
2694, 2695
2695, 2694
2696, 2697
2697, 2696
2697, 2698
2698, 2697
2699, 2700
2700, 2699
2700, 2701
2701, 2700
2702, 2703
2703, 2702
2703, 2704
2704, 2703
2705, 2705
2705, 2705
2706, 2706
2706, 2706
2707, 2707
2707, 2707
2708, 2708
2708, 2708
2709, 2709
2709, 2709
2710, 2711
2711, 2710
2711, 2712
2712, 2711
2713, 2714
2714, 2713
2714, 2715
2715, 2714
2716, 2717
2717, 2716
2717, 2718
2718, 2717
2719, 2720
2720, 2719
2720, 2721
2721, 2720
2722, 2723
2723, 2722
2723, 2724
2724, 2723
2725, 2726
2726, 2725
2726, 2727
2727, 2726
2728, 2729
2729, 2728
2729, 2730
2730, 2729
2731, 2732
2732, 2731
2732, 2733
2733, 2732
2734, 2735
2735, 2734
2735, 2736
2736, 2735
2736, 2737
2737, 2736
2738, 2739
2739, 2738
2739, 2740
2740, 2739
2740, 2741
2741, 2740
2742, 2743
2743, 2742
2743, 2744
2744, 2743
2744, 2745
2745, 2744
2746, 2747
2747, 2746
2747, 2748
2748, 2747
2748, 2749
2749, 2748
2750, 2751
2751, 2750
2751, 2752
2752, 2751
2752, 2753
2753, 2752
2754, 2755
2755, 2754
2756, 2757
2757, 2756
2758, 2759
2759, 2758
2760, 2761
2761, 2760
2762, 2763
2763, 2762
2763, 2764
2764, 2763
2765, 2766
2766, 2765
2766, 2767
2767, 2766
2768, 2769
2769, 2768
2769, 2770
2770, 2769
2771, 2772
2772, 2771
2772, 2773
2773, 2772
2774, 2775
2775, 2774
2775, 2776
2776, 2775
2777, 2778
2778, 2777
2778, 2779
2779, 2778
2780, 2781
2781, 2780
2781, 2782
2782, 2781
2783, 2784
2784, 2783
2784, 2785
2785, 2784
2786, 2787
2787, 2786
2787, 2788
2788, 2787
2788, 2789
2789, 2788
2790, 2791
2791, 2790
2791, 2792
2792, 2791
2792, 2793
2793, 2792
2794, 2795
2795, 2794
2795, 2796
2796, 2795
2796, 2797
2797, 2796
2798, 2799
2799, 2798
2799, 2800
2800, 2799
2800, 2801
2801, 2800
2802, 2803
2803, 2802
2804, 2805
2805, 2804
2806, 2807
2807, 2806
2808, 2809
2809, 2808
2810, 2811
2811, 2810
2811, 2812
2812, 2811
2813, 2814
2814, 2813
2814, 2815
2815, 2814
2816, 2817
2817, 2816
2817, 2818
2818, 2817
2819, 2820
2820, 2819
2820, 2821
2821, 2820
2822, 2823
2823, 2822
2824, 2825
2825, 2824
2826, 2827
2827, 2826
2828, 2829
2829, 2828
2830, 2831
2831, 2830
2831, 2832
2832, 2831
2833, 2834
2834, 2833
2834, 2835
2835, 2834
2836, 2837
2837, 2836
2837, 2838
2838, 2837
2839, 2840
2840, 2839
2840, 2841
2841, 2840
2842, 2843
2843, 2842
2843, 2844
2844, 2843
2845, 2846
2846, 2845
2846, 2847
2847, 2846
2848, 2849
2849, 2848
2849, 2850
2850, 2849
2851, 2852
2852, 2851
2852, 2853
2853, 2852
2854, 2855
2855, 2854
2855, 2856
2856, 2855
2857, 2858
2858, 2857
2858, 2859
2859, 2858
2860, 2861
2861, 2860
2861, 2862
2862, 2861
2863, 2864
2864, 2863
2865, 2866
2866, 2865
2867, 2868
2868, 2867
2869, 2870
2870, 2869
2871, 2871
2871, 2871
2872, 2872
2872, 2872
2873, 2873
2873, 2873
2874, 2874
2874, 2874
2875, 2875
2875, 2875
2876, 2876
2876, 2876
2877, 2878
2878, 2877
2878, 2879
2879, 2878
2880, 2881
2881, 2880
2881, 2882
2882, 2881
2883, 2884
2884, 2883
2884, 2885
2885, 2884
2886, 2887
2887, 2886
2887, 2888
2888, 2887
2889, 2890
2890, 2889
2890, 2891
2891, 2890
2892, 2893
2893, 2892
2893, 2894
2894, 2893
2895, 2896
2896, 2895
2897, 2898
2898, 2897
2899, 2900
2900, 2899
2901, 2902
2902, 2901
2903, 2904
2904, 2903
2905, 2906
2906, 2905
2907, 2908
2908, 2907
2909, 2910
2910, 2909
2911, 2912
2912, 2911
2913, 2914
2914, 2913
2914, 2915
2915, 2914
2915, 2916
2916, 2915
2917, 2918
2918, 2917
2918, 2919
2919, 2918
2919, 2920
2920, 2919
2921, 2922
2922, 2921
2922, 2923
2923, 2922
2923, 2924
2924, 2923
2925, 2926
2926, 2925
2926, 2927
2927, 2926
2927, 2928
2928, 2927
2929, 2929
2929, 2929
2930, 2930
2930, 2930
2931, 2931
2931, 2931
2932, 2932
2932, 2932
2933, 2934
2934, 2933
2935, 2936
2936, 2935
2937, 2938
2938, 2937
2939, 2940
2940, 2939
2941, 2942
2942, 2941
2943, 2944
2944, 2943
2945, 2946
2946, 2945
2947, 2948
2948, 2947
2949, 2949
2949, 2949
2950, 2950
2950, 2950
2951, 2951
2951, 2951
2952, 2953
2953, 2952
2953, 2954
2954, 2953
2955, 2956
2956, 2955
2956, 2957
2957, 2956
2958, 2959
2959, 2958
2959, 2960
2960, 2959
2961, 2962
2962, 2961
2962, 2963
2963, 2962
2964, 2965
2965, 2964
2966, 2967
2967, 2966
2968, 2969
2969, 2968
2970, 2971
2971, 2970
2972, 2973
2973, 2972
2974, 2975
2975, 2974
2976, 2977
2977, 2976
2978, 2979
2979, 2978
2979, 2980
2980, 2979
2980, 2981
2981, 2980
2982, 2983
2983, 2982
2983, 2984
2984, 2983
2984, 2985
2985, 2984
2986, 2987
2987, 2986
2987, 2988
2988, 2987
2988, 2989
2989, 2988
2990, 2991
2991, 2990
2991, 2992
2992, 2991
2992, 2993
2993, 2992
2994, 2995
2995, 2994
2995, 2996
2996, 2995
2997, 2998
2998, 2997
2998, 2999
2999, 2998
3000, 3001
3001, 3000
3001, 3002
3002, 3001
3003, 3004
3004, 3003
3004, 3005
3005, 3004
3006, 3007
3007, 3006
3007, 3008
3008, 3007
3009, 3010
3010, 3009
3010, 3011
3011, 3010
3012, 3013
3013, 3012
3013, 3014
3014, 3013
3015, 3016
3016, 3015
3016, 3017
3017, 3016
3018, 3019
3019, 3018
3019, 3020
3020, 3019
3021, 3022
3022, 3021
3022, 3023
3023, 3022
3024, 3025
3025, 3024
3025, 3026
3026, 3025
3027, 3028
3028, 3027
3029, 3030
3030, 3029
3031, 3032
3032, 3031
3033, 3034
3034, 3033
3035, 3036
3036, 3035
3037, 3038
3038, 3037
3039, 3040
3040, 3039
3041, 3042
3042, 3041
3043, 3044
3044, 3043
3045, 3046
3046, 3045
3046, 3047
3047, 3046
3048, 3049
3049, 3048
3049, 3050
3050, 3049
3051, 3052
3052, 3051
3052, 3053
3053, 3052
3054, 3055
3055, 3054
3055, 3056
3056, 3055
3057, 3058
3058, 3057
3058, 3059
3059, 3058
3060, 3061
3061, 3060
3061, 3062
3062, 3061
3063, 3063
3063, 3063
3064, 3064
3064, 3064
3065, 3065
3065, 3065
3066, 3066
3066, 3066
3067, 3067
3067, 3067
3068, 3068
3068, 3068
3069, 3070
3070, 3069
3071, 3072
3072, 3071
3073, 3074
3074, 3073
3075, 3076
3076, 3075
3077, 3078
3078, 3077
3079, 3079
3079, 3079
3080, 3080
3080, 3080
3081, 3081
3081, 3081
3082, 3082
3082, 3082