1, 2
2, 1
2, 3
3, 2
3, 4
4, 3
4, 5
5, 4
6, 7
7, 6
7, 8
8, 7
8, 9
9, 8
9, 10
10, 9
11, 12
12, 11
12, 13
13, 12
13, 14
14, 13
14, 15
15, 14
16, 17
17, 16
17, 18
18, 17
18, 19
19, 18
19, 20
20, 19
21, 22
22, 21
22, 23
23, 22
24, 25
25, 24
25, 26
26, 25
27, 28
28, 27
28, 29
29, 28
30, 31
31, 30
31, 32
32, 31
33, 34
34, 33
34, 35
35, 34
36, 37
37, 36
37, 38
38, 37
39, 40
40, 39
40, 41
41, 40
42, 43
43, 42
43, 44
44, 43
45, 46
46, 45
46, 47
47, 46
48, 49
49, 48
49, 50
50, 49
51, 52
52, 51
52, 53
53, 52
53, 54
54, 53
55, 56
56, 55
56, 57
57, 56
57, 58
58, 57
59, 60
60, 59
60, 61
61, 60
61, 62
62, 61
63, 64
64, 63
64, 65
65, 64
65, 66
66, 65
67, 68
68, 67
68, 69
69, 68
69, 70
70, 69
71, 72
72, 71
73, 74
74, 73
75, 76
76, 75
77, 78
78, 77
79, 80
80, 79
81, 82
82, 81
83, 84
84, 83
85, 86
86, 85
86, 87
87, 86
88, 89
89, 88
89, 90
90, 89
91, 92
92, 91
92, 93
93, 92
94, 95
95, 94
95, 96
96, 95
97, 98
98, 97
98, 99
99, 98
100, 101
101, 100
101, 102
102, 101
103, 104
104, 103
104, 105
105, 104
106, 107
107, 106
107, 108
108, 107
109, 110
110, 109
110, 111
111, 110
112, 113
113, 112
113, 114
114, 113
114, 115
115, 114
115, 116
116, 115
117, 118
118, 117
118, 119
119, 118
119, 120
120, 119
120, 121
121, 120
122, 123
123, 122
123, 124
124, 123
124, 125
125, 124
125, 126
126, 125
127, 128
128, 127
128, 129
129, 128
129, 130
130, 129
130, 131
131, 130
132, 133
133, 132
133, 134
134, 133
134, 135
135, 134
135, 136
136, 135
137, 138
138, 137
138, 139
139, 138
139, 140
140, 139
140, 141
141, 140
142, 142
142, 142
143, 143
143, 143
144, 144
144, 144
145, 146
146, 145
146, 147
147, 146
147, 148
148, 147
148, 149
149, 148
149, 150
150, 149
150, 151
151, 150
151, 152
152, 151
152, 153
153, 152
154, 155
155, 154
155, 156
156, 155
156, 157
157, 156
157, 158
158, 157
158, 159
159, 158
159, 160
160, 159
160, 161
161, 160
161, 162
162, 161
163, 164
164, 163
164, 165
165, 164
165, 166
166, 165
166, 167
167, 166
167, 168
168, 167
168, 169
169, 168
169, 170
170, 169
170, 171
171, 170
172, 173
173, 172
173, 174
174, 173
174, 175
175, 174
175, 176
176, 175
176, 177
177, 176
177, 178
178, 177
178, 179
179, 178
179, 180
180, 179
181, 182
182, 181
182, 183
183, 182
183, 184
184, 183
184, 185
185, 184
185, 186
186, 185
186, 187
187, 186
187, 188
188, 187
188, 189
189, 188
190, 191
191, 190
191, 192
192, 191
192, 193
193, 192
193, 194
194, 193
194, 195
195, 194
195, 196
196, 195
196, 197
197, 196
197, 198
198, 197
199, 200
200, 199
200, 201
201, 200
201, 202
202, 201
202, 203
203, 202
203, 204
204, 203
204, 205
205, 204
205, 206
206, 205
206, 207
207, 206
207, 208
208, 207
208, 209
209, 208
209, 210
210, 209
211, 212
212, 211
212, 213
213, 212
213, 214
214, 213
214, 215
215, 214
215, 216
216, 215
216, 217
217, 216
217, 218
218, 217
218, 219
219, 218
219, 220
220, 219
220, 221
221, 220
221, 222
222, 221
223, 224
224, 223
224, 225
225, 224
225, 226
226, 225
226, 227
227, 226
227, 228
228, 227
228, 229
229, 228
229, 230
230, 229
230, 231
231, 230
231, 232
232, 231
232, 233
233, 232
233, 234
234, 233
235, 236
236, 235
236, 237
237, 236
237, 238
238, 237
238, 239
239, 238
239, 240
240, 239
240, 241
241, 240
241, 242
242, 241
242, 243
243, 242
243, 244
244, 243
244, 245
245, 244
245, 246
246, 245
247, 248
248, 247
248, 249
249, 248
249, 250
250, 249
250, 251
251, 250
251, 252
252, 251
252, 253
253, 252
253, 254
254, 253
254, 255
255, 254
255, 256
256, 255
256, 257
257, 256
257, 258
258, 257
259, 260
260, 259
260, 261
261, 260
261, 262
262, 261
262, 263
263, 262
263, 264
264, 263
264, 265
265, 264
265, 266
266, 265
266, 267
267, 266
267, 268
268, 267
268, 269
269, 268
269, 270
270, 269
271, 271
271, 271
272, 272
272, 272
273, 273
273, 273
274, 274
274, 274
275, 276
276, 275
276, 277
277, 276
277, 278
278, 277
278, 279
279, 278
280, 281
281, 280
281, 282
282, 281
282, 283
283, 282
283, 284
284, 283
285, 286
286, 285
286, 287
287, 286
287, 288
288, 287
288, 289
289, 288
290, 291
291, 290
291, 292
292, 291
292, 293
293, 292
293, 294
294, 293
295, 296
296, 295
296, 297
297, 296
297, 298
298, 297
299, 300
300, 299
300, 301
301, 300
301, 302
302, 301
303, 304
304, 303
304, 305
305, 304
305, 306
306, 305
307, 308
308, 307
308, 309
309, 308
309, 310
310, 309
310, 311
311, 310
311, 312
312, 311
313, 314
314, 313
314, 315
315, 314
315, 316
316, 315
316, 317
317, 316
317, 318
318, 317
319, 320
320, 319
320, 321
321, 320
321, 322
322, 321
322, 323
323, 322
323, 324
324, 323
325, 326
326, 325
326, 327
327, 326
327, 328
328, 327
328, 329
329, 328
329, 330
330, 329
331, 332
332, 331
332, 333
333, 332
333, 334
334, 333
334, 335
335, 334
336, 337
337, 336
337, 338
338, 337
338, 339
339, 338
339, 340
340, 339
341, 342
342, 341
342, 343
343, 342
343, 344
344, 343
344, 345
345, 344
346, 347
347, 346
347, 348
348, 347
348, 349
349, 348
349, 350
350, 349
351, 352
352, 351
352, 353
353, 352
353, 354
354, 353
354, 355
355, 354
355, 356
356, 355
356, 357
357, 356
357, 358
358, 357
358, 359
359, 358
360, 361
361, 360
361, 362
362, 361
362, 363
363, 362
363, 364
364, 363
364, 365
365, 364
365, 366
366, 365
366, 367
367, 366
367, 368
368, 367
369, 370
370, 369
370, 371
371, 370
371, 372
372, 371
372, 373
373, 372
373, 374
374, 373
374, 375
375, 374
375, 376
376, 375
376, 377
377, 376
378, 379
379, 378
379, 380
380, 379
380, 381
381, 380
381, 382
382, 381
382, 383
383, 382
383, 384
384, 383
384, 385
385, 384
385, 386
386, 385
387, 388
388, 387
388, 389
389, 388
389, 390
390, 389
390, 391
391, 390
391, 392
392, 391
392, 393
393, 392
393, 394
394, 393
394, 395
395, 394
396, 397
397, 396
397, 398
398, 397
398, 399
399, 398
399, 400
400, 399
400, 401
401, 400
401, 402
402, 401
402, 403
403, 402
403, 404
404, 403
405, 406
406, 405
406, 407
407, 406
407, 408
408, 407
408, 409
409, 408
410, 411
411, 410
411, 412
412, 411
412, 413
413, 412
413, 414
414, 413
415, 416
416, 415
416, 417
417, 416
417, 418
418, 417
418, 419
419, 418
420, 421
421, 420
421, 422
422, 421
422, 423
423, 422
424, 425
425, 424
425, 426
426, 425
426, 427
427, 426
428, 429
429, 428
429, 430
430, 429
430, 431
431, 430
432, 433
433, 432
434, 435
435, 434
436, 437
437, 436
438, 439
439, 438
440, 441
441, 440
442, 443
443, 442
444, 445
445, 444
446, 447
447, 446
448, 449
449, 448
450, 450
450, 450
451, 451
451, 451
452, 452
452, 452
453, 454
454, 453
455, 456
456, 455
457, 458
458, 457
459, 460
460, 459
461, 462
462, 461
462, 463
463, 462
463, 464
464, 463
465, 466
466, 465
466, 467
467, 466
467, 468
468, 467
469, 470
470, 469
470, 471
471, 470
471, 472
472, 471
473, 474
474, 473
474, 475
475, 474
475, 476
476, 475
477, 478
478, 477
478, 479
479, 478
479, 480
480, 479
481, 482
482, 481
482, 483
483, 482
483, 484
484, 483
485, 486
486, 485
486, 487
487, 486
487, 488
488, 487
489, 490
490, 489
490, 491
491, 490
491, 492
492, 491
493, 494
494, 493
495, 496
496, 495
497, 498
498, 497
499, 500
500, 499
500, 501
501, 500
502, 503
503, 502
503, 504
504, 503
505, 506
506, 505
506, 507
507, 506
508, 509
509, 508
509, 510
510, 509
510, 511
511, 510
512, 513
513, 512
513, 514
514, 513
514, 515
515, 514
516, 517
517, 516
517, 518
518, 517
518, 519
519, 518
520, 521
521, 520
521, 522
522, 521
522, 523
523, 522
524, 525
525, 524
525, 526
526, 525
527, 528
528, 527
528, 529
529, 528
530, 531
531, 530
531, 532
532, 531
533, 534
534, 533
534, 535
535, 534
536, 537
537, 536
537, 538
538, 537
539, 540
540, 539
540, 541
541, 540
542, 543
543, 542
543, 544
544, 543
545, 546
546, 545
546, 547
547, 546
548, 549
549, 548
550, 551
551, 550
552, 553
553, 552
554, 555
555, 554
556, 557
557, 556
558, 559
559, 558
560, 561
561, 560
562, 563
563, 562
564, 565
565, 564
566, 567
567, 566
568, 569
569, 568
570, 571
571, 570
572, 573
573, 572
574, 575
575, 574
576, 577
577, 576
577, 578
578, 577
578, 579
579, 578
580, 581
581, 580
581, 582
582, 581
582, 583
583, 582
584, 585
585, 584
585, 586
586, 585
586, 587
587, 586
588, 589
589, 588
589, 590
590, 589
590, 591
591, 590
592, 593
593, 592
594, 595
595, 594
596, 597
597, 596
598, 599
599, 598
600, 601
601, 600
602, 603
603, 602
603, 604
604, 603
604, 605
605, 604
606, 607
607, 606
607, 608
608, 607
608, 609
609, 608
610, 611
611, 610
611, 612
612, 611
612, 613
613, 612
614, 615
615, 614
615, 616
616, 615
616, 617
617, 616
618, 619
619, 618
619, 620
620, 619
620, 621
621, 620
622, 623
623, 622
623, 624
624, 623
624, 625
625, 624
626, 627
627, 626
627, 628
628, 627
628, 629
629, 628
630, 631
631, 630
631, 632
632, 631
632, 633
633, 632
634, 635
635, 634
635, 636
636, 635
636, 637
637, 636
638, 639
639, 638
640, 641
641, 640
642, 643
643, 642
644, 645
645, 644
646, 647
647, 646
647, 648
648, 647
648, 649
649, 648
649, 650
650, 649
650, 651
651, 650
652, 653
653, 652
653, 654
654, 653
654, 655
655, 654
655, 656
656, 655
656, 657
657, 656
658, 659
659, 658
659, 660
660, 659
660, 661
661, 660
661, 662
662, 661
662, 663
663, 662
664, 665
665, 664
665, 666
666, 665
666, 667
667, 666
667, 668
668, 667
668, 669
669, 668
670, 671
671, 670
671, 672
672, 671
673, 674
674, 673
674, 675
675, 674
676, 677
677, 676
677, 678
678, 677
679, 680
680, 679
680, 681
681, 680
682, 683
683, 682
683, 684
684, 683
685, 686
686, 685
687, 688
688, 687
689, 690
690, 689
691, 692
692, 691
693, 694
694, 693
694, 695
695, 694
695, 696
696, 695
696, 697
697, 696
698, 699
699, 698
699, 700
700, 699
700, 701
701, 700
701, 702
702, 701
703, 704
704, 703
704, 705
705, 704
705, 706
706, 705
706, 707
707, 706
708, 709
709, 708
709, 710
710, 709
710, 711
711, 710
711, 712
712, 711
713, 714
714, 713
714, 715
715, 714
715, 716
716, 715
716, 717
717, 716
718, 719
719, 718
719, 720
720, 719
720, 721
721, 720
721, 722
722, 721
723, 724
724, 723
724, 725
725, 724
725, 726
726, 725
726, 727
727, 726
728, 729
729, 728
729, 730
730, 729
730, 731
731, 730
731, 732
732, 731
733, 734
734, 733
734, 735
735, 734
735, 736
736, 735
736, 737
737, 736
738, 739
739, 738
739, 740
740, 739
740, 741
741, 740
741, 742
742, 741
743, 744
744, 743
744, 745
745, 744
745, 746
746, 745
746, 747
747, 746
748, 749
749, 748
750, 751
751, 750
752, 753
753, 752
754, 755
755, 754
756, 757
757, 756
758, 759
759, 758
760, 761
761, 760
762, 763
763, 762
764, 765
765, 764
766, 767
767, 766
768, 769
769, 768
770, 771
771, 770
772, 773
773, 772
774, 775
775, 774
776, 777
777, 776
778, 779
779, 778
780, 781
781, 780
781, 782
782, 781
782, 783
783, 782
783, 784
784, 783
784, 785
785, 784
785, 786
786, 785
786, 787
787, 786
787, 788
788, 787
788, 789
789, 788
790, 791
791, 790
791, 792
792, 791
792, 793
793, 792
793, 794
794, 793
794, 795
795, 794
795, 796
796, 795
796, 797
797, 796
797, 798
798, 797
798, 799
799, 798
800, 801
801, 800
801, 802
802, 801
802, 803
803, 802
803, 804
804, 803
804, 805
805, 804
805, 806
806, 805
806, 807
807, 806
807, 808
808, 807
808, 809
809, 808
810, 810
810, 810
811, 811
811, 811
812, 812
812, 812
813, 813
813, 813
814, 815
815, 814
815, 816
816, 815
816, 817
817, 816
817, 818
818, 817
818, 819
819, 818
819, 820
820, 819
820, 821
821, 820
821, 822
822, 821
822, 823
823, 822
823, 824
824, 823
824, 825
825, 824
826, 827
827, 826
827, 828
828, 827
828, 829
829, 828
829, 830
830, 829
830, 831
831, 830
831, 832
832, 831
832, 833
833, 832
833, 834
834, 833
834, 835
835, 834
835, 836
836, 835
836, 837
837, 836
838, 839
839, 838
839, 840
840, 839
840, 841
841, 840
841, 842
842, 841
842, 843
843, 842
843, 844
844, 843
844, 845
845, 844
845, 846
846, 845
846, 847
847, 846
847, 848
848, 847
848, 849
849, 848
850, 851
851, 850
851, 852
852, 851
852, 853
853, 852
853, 854
854, 853
854, 855
855, 854
855, 856
856, 855
856, 857
857, 856
857, 858
858, 857
858, 859
859, 858
859, 860
860, 859
860, 861
861, 860
862, 863
863, 862
863, 864
864, 863
865, 866
866, 865
866, 867
867, 866
868, 869
869, 868
869, 870
870, 869
871, 872
872, 871
872, 873
873, 872
874, 875
875, 874
875, 876
876, 875
877, 878
878, 877
878, 879
879, 878
880, 881
881, 880
881, 882
882, 881
882, 883
883, 882
883, 884
884, 883
884, 885
885, 884
886, 887
887, 886
887, 888
888, 887
888, 889
889, 888
889, 890
890, 889
890, 891
891, 890
892, 893
893, 892
893, 894
894, 893
894, 895
895, 894
895, 896
896, 895
896, 897
897, 896
898, 899
899, 898
900, 901
901, 900
902, 903
903, 902
904, 905
905, 904
906, 907
907, 906
908, 909
909, 908
910, 911
911, 910
911, 912
912, 911
913, 914
914, 913
914, 915
915, 914
916, 917
917, 916
917, 918
918, 917
919, 920
920, 919
920, 921
921, 920
922, 923
923, 922
923, 924
924, 923
924, 925
925, 924
926, 927
927, 926
927, 928
928, 927
928, 929
929, 928
930, 931
931, 930
931, 932
932, 931
932, 933
933, 932
934, 935
935, 934
935, 936
936, 935
936, 937
937, 936
938, 939
939, 938
939, 940
940, 939
940, 941
941, 940
942, 943
943, 942
943, 944
944, 943
944, 945
945, 944
946, 947
947, 946
947, 948
948, 947
948, 949
949, 948
950, 951
951, 950
951, 952
952, 951
952, 953
953, 952
954, 955
955, 954
955, 956
956, 955
956, 957
957, 956
957, 958
958, 957
958, 959
959, 958
960, 961
961, 960
961, 962
962, 961
962, 963
963, 962
963, 964
964, 963
964, 965
965, 964
966, 967
967, 966
967, 968
968, 967
968, 969
969, 968
969, 970
970, 969
970, 971
971, 970
972, 973
973, 972
974, 975
975, 974
976, 977
977, 976
978, 979
979, 978
980, 981
981, 980
982, 983
983, 982
983, 984
984, 983
984, 985
985, 984
985, 986
986, 985
987, 988
988, 987
988, 989
989, 988
989, 990
990, 989
990, 991
991, 990
992, 993
993, 992
993, 994
994, 993
994, 995
995, 994
995, 996
996, 995
997, 998
998, 997
998, 999
999, 998
999, 1000
1000, 999
1000, 1001
1001, 1000
1002, 1003
1003, 1002
1003, 1004
1004, 1003
1004, 1005
1005, 1004
1005, 1006
1006, 1005
1007, 1008
1008, 1007
1008, 1009
1009, 1008
1009, 1010
1010, 1009
1010, 1011
1011, 1010
1011, 1012
1012, 1011
1013, 1014
1014, 1013
1014, 1015
1015, 1014
1015, 1016
1016, 1015
1016, 1017
1017, 1016
1017, 1018
1018, 1017
1019, 1020
1020, 1019
1020, 1021
1021, 1020
1021, 1022
1022, 1021
1022, 1023
1023, 1022
1023, 1024
1024, 1023
1025, 1026
1026, 1025
1026, 1027
1027, 1026
1027, 1028
1028, 1027
1028, 1029
1029, 1028
1029, 1030
1030, 1029
1031, 1031
1031, 1031
1032, 1032
1032, 1032
1033, 1033
1033, 1033
1034, 1035
1035, 1034
1036, 1037
1037, 1036
1038, 1039
1039, 1038
1040, 1041
1041, 1040
1042, 1043
1043, 1042
1044, 1045
1045, 1044
1046, 1047
1047, 1046
1048, 1049
1049, 1048
1049, 1050
1050, 1049
1050, 1051
1051, 1050
1051, 1052
1052, 1051
1052, 1053
1053, 1052
1054, 1055
1055, 1054
1055, 1056
1056, 1055
1056, 1057
1057, 1056
1057, 1058
1058, 1057
1058, 1059
1059, 1058
1060, 1061
1061, 1060
1061, 1062
1062, 1061
1062, 1063
1063, 1062
1063, 1064
1064, 1063
1064, 1065
1065, 1064
1066, 1067
1067, 1066
1067, 1068
1068, 1067
1068, 1069
1069, 1068
1069, 1070
1070, 1069
1070, 1071
1071, 1070
1072, 1073
1073, 1072
1073, 1074
1074, 1073
1074, 1075
1075, 1074
1075, 1076
1076, 1075
1076, 1077
1077, 1076
1078, 1079
1079, 1078
1079, 1080
1080, 1079
1080, 1081
1081, 1080
1082, 1083
1083, 1082
1083, 1084
1084, 1083
1084, 1085
1085, 1084
1086, 1087
1087, 1086
1087, 1088
1088, 1087
1088, 1089
1089, 1088
1090, 1091
1091, 1090
1091, 1092
1092, 1091
1092, 1093
1093, 1092
1094, 1095
1095, 1094
1095, 1096
1096, 1095
1096, 1097
1097, 1096
1098, 1099
1099, 1098
1099, 1100
1100, 1099
1100, 1101
1101, 1100
1102, 1103
1103, 1102
1103, 1104
1104, 1103
1104, 1105
1105, 1104
1106, 1107
1107, 1106
1107, 1108
1108, 1107
1108, 1109
1109, 1108
1110, 1111
1111, 1110
1111, 1112
1112, 1111
1112, 1113
1113, 1112
1114, 1115
1115, 1114
1115, 1116
1116, 1115
1116, 1117
1117, 1116
1118, 1119
1119, 1118
1119, 1120
1120, 1119
1120, 1121
1121, 1120
1122, 1123
1123, 1122
1123, 1124
1124, 1123
1124, 1125
1125, 1124
1126, 1126
1126, 1126
1127, 1127
1127, 1127
1128, 1128
1128, 1128
1129, 1130
1130, 1129
1130, 1131
1131, 1130
1131, 1132
1132, 1131
1132, 1133
1133, 1132
1133, 1134
1134, 1133
1135, 1136
1136, 1135
1136, 1137
1137, 1136
1137, 1138
1138, 1137
1138, 1139
1139, 1138
1139, 1140
1140, 1139
1141, 1142
1142, 1141
1142, 1143
1143, 1142
1143, 1144
1144, 1143
1144, 1145
1145, 1144
1145, 1146
1146, 1145
1147, 1148
1148, 1147
1149, 1150
1150, 1149
1151, 1152
1152, 1151
1153, 1154
1154, 1153
1154, 1155
1155, 1154
1155, 1156
1156, 1155
1156, 1157
1157, 1156
1158, 1159
1159, 1158
1159, 1160
1160, 1159
1160, 1161
1161, 1160
1161, 1162
1162, 1161
1163, 1164
1164, 1163
1164, 1165
1165, 1164
1165, 1166
1166, 1165
1166, 1167
1167, 1166
1168, 1169
1169, 1168
1169, 1170
1170, 1169
1170, 1171
1171, 1170
1171, 1172
1172, 1171
1173, 1174
1174, 1173
1174, 1175
1175, 1174
1175, 1176
1176, 1175
1176, 1177
1177, 1176
1177, 1178
1178, 1177
1179, 1180
1180, 1179
1180, 1181
1181, 1180
1181, 1182
1182, 1181
1182, 1183
1183, 1182
1183, 1184
1184, 1183
1185, 1186
1186, 1185
1186, 1187
1187, 1186
1187, 1188
1188, 1187
1188, 1189
1189, 1188
1189, 1190
1190, 1189
1191, 1192
1192, 1191
1192, 1193
1193, 1192
1193, 1194
1194, 1193
1194, 1195
1195, 1194
1195, 1196
1196, 1195
1197, 1198
1198, 1197
1198, 1199
1199, 1198
1199, 1200
1200, 1199
1200, 1201
1201, 1200
1201, 1202
1202, 1201
1203, 1204
1204, 1203
1204, 1205
1205, 1204
1205, 1206
1206, 1205
1206, 1207
1207, 1206
1207, 1208
1208, 1207
1209, 1210
1210, 1209
1211, 1212
1212, 1211
1213, 1214
1214, 1213
1215, 1216
1216, 1215
1217, 1218
1218, 1217
1218, 1219
1219, 1218
1219, 1220
1220, 1219
1220, 1221
1221, 1220
1221, 1222
1222, 1221
1222, 1223
1223, 1222
1223, 1224
1224, 1223
1224, 1225
1225, 1224
1226, 1227
1227, 1226
1227, 1228
1228, 1227
1228, 1229
1229, 1228
1229, 1230
1230, 1229
1230, 1231
1231, 1230
1231, 1232
1232, 1231
1232, 1233
1233, 1232
1233, 1234
1234, 1233
1235, 1236
1236, 1235
1236, 1237
1237, 1236
1237, 1238
1238, 1237
1238, 1239
1239, 1238
1239, 1240
1240, 1239
1240, 1241
1241, 1240
1241, 1242
1242, 1241
1242, 1243
1243, 1242
1244, 1245
1245, 1244
1245, 1246
1246, 1245
1246, 1247
1247, 1246
1247, 1248
1248, 1247
1249, 1250
1250, 1249
1250, 1251
1251, 1250
1251, 1252
1252, 1251
1252, 1253
1253, 1252
1254, 1255
1255, 1254
1255, 1256
1256, 1255
1256, 1257
1257, 1256
1257, 1258
1258, 1257
1259, 1259
1259, 1259
1260, 1260
1260, 1260
1261, 1261
1261, 1261
1262, 1262
1262, 1262
1263, 1263
1263, 1263
1264, 1265
1265, 1264
1265, 1266
1266, 1265
1267, 1268
1268, 1267
1268, 1269
1269, 1268
1270, 1271
1271, 1270
1271, 1272
1272, 1271
1273, 1274
1274, 1273
1274, 1275
1275, 1274
1276, 1277
1277, 1276
1277, 1278
1278, 1277
1279, 1280
1280, 1279
1280, 1281
1281, 1280
1282, 1283
1283, 1282
1283, 1284
1284, 1283
1285, 1286
1286, 1285
1286, 1287
1287, 1286
1288, 1289
1289, 1288
1290, 1291
1291, 1290
1292, 1293
1293, 1292
1294, 1295
1295, 1294
1296, 1297
1297, 1296
1298, 1299
1299, 1298
1300, 1301
1301, 1300
1302, 1303
1303, 1302
1304, 1305
1305, 1304
1306, 1307
1307, 1306
1307, 1308
1308, 1307
1308, 1309
1309, 1308
1310, 1311
1311, 1310
1311, 1312
1312, 1311
1312, 1313
1313, 1312
1314, 1315
1315, 1314
1315, 1316
1316, 1315
1316, 1317
1317, 1316
1318, 1319
1319, 1318
1319, 1320
1320, 1319
1320, 1321
1321, 1320
1322, 1323
1323, 1322
1323, 1324
1324, 1323
1324, 1325
1325, 1324
1326, 1327
1327, 1326
1327, 1328
1328, 1327
1329, 1330
1330, 1329
1330, 1331
1331, 1330
1332, 1333
1333, 1332
1333, 1334
1334, 1333
1335, 1336
1336, 1335
1337, 1338
1338, 1337
1339, 1340
1340, 1339
1341, 1342
1342, 1341
1343, 1344
1344, 1343
1345, 1346
1346, 1345
1346, 1347
1347, 1346
1347, 1348
1348, 1347
1349, 1350
1350, 1349
1350, 1351
1351, 1350
1351, 1352
1352, 1351
1353, 1354
1354, 1353
1354, 1355
1355, 1354
1355, 1356
1356, 1355
1357, 1358
1358, 1357
1358, 1359
1359, 1358
1359, 1360
1360, 1359
1361, 1362
1362, 1361
1362, 1363
1363, 1362
1363, 1364
1364, 1363
1364, 1365
1365, 1364
1365, 1366
1366, 1365
1366, 1367
1367, 1366
1367, 1368
1368, 1367
1369, 1370
1370, 1369
1370, 1371
1371, 1370
1371, 1372
1372, 1371
1372, 1373
1373, 1372
1373, 1374
1374, 1373
1374, 1375
1375, 1374
1375, 1376
1376, 1375
1377, 1378
1378, 1377
1378, 1379
1379, 1378
1379, 1380
1380, 1379
1380, 1381
1381, 1380
1381, 1382
1382, 1381
1382, 1383
1383, 1382
1383, 1384
1384, 1383
1385, 1386
1386, 1385
1386, 1387
1387, 1386
1387, 1388
1388, 1387
1388, 1389
1389, 1388
1389, 1390
1390, 1389
1390, 1391
1391, 1390
1391, 1392
1392, 1391
1393, 1394
1394, 1393
1394, 1395
1395, 1394
1395, 1396
1396, 1395
1397, 1398
1398, 1397
1398, 1399
1399, 1398
1399, 1400
1400, 1399
1401, 1402
1402, 1401
1402, 1403
1403, 1402
1403, 1404
1404, 1403
1405, 1406
1406, 1405
1406, 1407
1407, 1406
1407, 1408
1408, 1407
1409, 1410
1410, 1409
1410, 1411
1411, 1410
1411, 1412
1412, 1411
1413, 1414
1414, 1413
1414, 1415
1415, 1414
1416, 1417
1417, 1416
1417, 1418
1418, 1417
1419, 1420
1420, 1419
1420, 1421
1421, 1420
1422, 1423
1423, 1422
1423, 1424
1424, 1423
1425, 1426
1426, 1425
1426, 1427
1427, 1426
1428, 1429
1429, 1428
1429, 1430
1430, 1429
1431, 1432
1432, 1431
1432, 1433
1433, 1432
1434, 1435
1435, 1434
1436, 1437
1437, 1436
1438, 1439
1439, 1438
1440, 1441
1441, 1440
1442, 1443
1443, 1442
1443, 1444
1444, 1443
1444, 1445
1445, 1444
1446, 1447
1447, 1446
1447, 1448
1448, 1447
1448, 1449
1449, 1448
1450, 1451
1451, 1450
1451, 1452
1452, 1451
1452, 1453
1453, 1452
1454, 1455
1455, 1454
1455, 1456
1456, 1455
1456, 1457
1457, 1456
1458, 1459
1459, 1458
1459, 1460
1460, 1459
1461, 1462
1462, 1461
1462, 1463
1463, 1462
1464, 1465
1465, 1464
1465, 1466
1466, 1465
1467, 1468
1468, 1467
1468, 1469
1469, 1468
1470, 1470
1470, 1470
1471, 1471
1471, 1471
1472, 1472
1472, 1472
1473, 1473
1473, 1473
1474, 1475
1475, 1474
1475, 1476
1476, 1475
1476, 1477
1477, 1476
1477, 1478
1478, 1477
1478, 1479
1479, 1478
1479, 1480
1480, 1479
1480, 1481
1481, 1480
1481, 1482
1482, 1481
1482, 1483
1483, 1482
1483, 1484
1484, 1483
1484, 1485
1485, 1484
1486, 1487
1487, 1486
1487, 1488
1488, 1487
1488, 1489
1489, 1488
1489, 1490
1490, 1489
1490, 1491
1491, 1490
1491, 1492
1492, 1491
1492, 1493
1493, 1492
1493, 1494
1494, 1493
1494, 1495
1495, 1494
1495, 1496
1496, 1495
1496, 1497
1497, 1496
1498, 1499
1499, 1498
1499, 1500
1500, 1499
1500, 1501
1501, 1500
1501, 1502
1502, 1501
1502, 1503
1503, 1502
1503, 1504
1504, 1503
1504, 1505
1505, 1504
1505, 1506
1506, 1505
1506, 1507
1507, 1506
1507, 1508
1508, 1507
1508, 1509
1509, 1508
1510, 1511
1511, 1510
1511, 1512
1512, 1511
1513, 1514
1514, 1513
1514, 1515
1515, 1514
1516, 1517
1517, 1516
1517, 1518
1518, 1517
1519, 1520
1520, 1519
1520, 1521
1521, 1520
1522, 1523
1523, 1522
1523, 1524
1524, 1523
1525, 1526
1526, 1525
1526, 1527
1527, 1526
1528, 1529
1529, 1528
1529, 1530
1530, 1529
1531, 1532
1532, 1531
1532, 1533
1533, 1532
1533, 1534
1534, 1533
1535, 1536
1536, 1535
1536, 1537
1537, 1536
1537, 1538
1538, 1537
1539, 1540
1540, 1539
1540, 1541
1541, 1540
1541, 1542
1542, 1541
1543, 1544
1544, 1543
1544, 1545
1545, 1544
1545, 1546
1546, 1545
1546, 1547
1547, 1546
1548, 1549
1549, 1548
1549, 1550
1550, 1549
1550, 1551
1551, 1550
1551, 1552
1552, 1551
1553, 1554
1554, 1553
1554, 1555
1555, 1554
1555, 1556
1556, 1555
1556, 1557
1557, 1556
1558, 1559
1559, 1558
1559, 1560
1560, 1559
1560, 1561
1561, 1560
1561, 1562
1562, 1561
1562, 1563
1563, 1562
1564, 1565
1565, 1564
1565, 1566
1566, 1565
1566, 1567
1567, 1566
1567, 1568
1568, 1567
1568, 1569
1569, 1568
1570, 1571
1571, 1570
1571, 1572
1572, 1571
1572, 1573
1573, 1572
1573, 1574
1574, 1573
1574, 1575
1575, 1574
1576, 1577
1577, 1576
1577, 1578
1578, 1577
1578, 1579
1579, 1578
1579, 1580
1580, 1579
1580, 1581
1581, 1580
1582, 1583
1583, 1582
1583, 1584
1584, 1583
1584, 1585
1585, 1584
1585, 1586
1586, 1585
1586, 1587
1587, 1586
1588, 1589
1589, 1588
1589, 1590
1590, 1589
1590, 1591
1591, 1590
1592, 1593
1593, 1592
1593, 1594
1594, 1593
1594, 1595
1595, 1594
1596, 1597
1597, 1596
1597, 1598
1598, 1597
1598, 1599
1599, 1598
1600, 1601
1601, 1600
1602, 1603
1603, 1602
1604, 1605
1605, 1604
1606, 1607
1607, 1606
1608, 1609
1609, 1608
1609, 1610
1610, 1609
1610, 1611
1611, 1610
1612, 1613
1613, 1612
1613, 1614
1614, 1613
1614, 1615
1615, 1614
1616, 1617
1617, 1616
1617, 1618
1618, 1617
1618, 1619
1619, 1618
1620, 1621
1621, 1620
1621, 1622
1622, 1621
1622, 1623
1623, 1622
1623, 1624
1624, 1623
1625, 1626
1626, 1625
1626, 1627
1627, 1626
1627, 1628
1628, 1627
1628, 1629
1629, 1628
1630, 1631
1631, 1630
1631, 1632
1632, 1631
1632, 1633
1633, 1632
1633, 1634
1634, 1633
1635, 1636
1636, 1635
1636, 1637
1637, 1636
1637, 1638
1638, 1637
1638, 1639
1639, 1638
1640, 1641
1641, 1640
1642, 1643
1643, 1642
1644, 1645
1645, 1644
1646, 1647
1647, 1646
1647, 1648
1648, 1647
1648, 1649
1649, 1648
1649, 1650
1650, 1649
1650, 1651
1651, 1650
1651, 1652
1652, 1651
1652, 1653
1653, 1652
1654, 1655
1655, 1654
1655, 1656
1656, 1655
1656, 1657
1657, 1656
1657, 1658
1658, 1657
1658, 1659
1659, 1658
1659, 1660
1660, 1659
1660, 1661
1661, 1660
1662, 1663
1663, 1662
1663, 1664
1664, 1663
1664, 1665
1665, 1664
1665, 1666
1666, 1665
1666, 1667
1667, 1666
1667, 1668
1668, 1667
1668, 1669
1669, 1668
1670, 1671
1671, 1670
1672, 1673
1673, 1672
1674, 1675
1675, 1674
1676, 1677
1677, 1676
1678, 1679
1679, 1678
1680, 1681
1681, 1680
1682, 1683
1683, 1682
1684, 1685
1685, 1684
1685, 1686
1686, 1685
1686, 1687
1687, 1686
1687, 1688
1688, 1687
1689, 1690
1690, 1689
1690, 1691
1691, 1690
1691, 1692
1692, 1691
1692, 1693
1693, 1692
1694, 1695
1695, 1694
1695, 1696
1696, 1695
1696, 1697
1697, 1696
1697, 1698
1698, 1697
1699, 1700
1700, 1699
1700, 1701
1701, 1700
1702, 1703
1703, 1702
1703, 1704
1704, 1703
1705, 1706
1706, 1705
1706, 1707
1707, 1706
1708, 1709
1709, 1708
1709, 1710
1710, 1709
1711, 1711
1711, 1711
1712, 1712
1712, 1712
1713, 1713
1713, 1713
1714, 1714
1714, 1714
1715, 1715
1715, 1715
1716, 1717
1717, 1716
1717, 1718
1718, 1717
1718, 1719
1719, 1718
1720, 1721
1721, 1720
1721, 1722
1722, 1721
1722, 1723
1723, 1722
1724, 1725
1725, 1724
1725, 1726
1726, 1725
1726, 1727
1727, 1726
1728, 1729
1729, 1728
1729, 1730
1730, 1729
1730, 1731
1731, 1730
1732, 1733
1733, 1732
1733, 1734
1734, 1733
1734, 1735
1735, 1734
1736, 1737
1737, 1736
1737, 1738
1738, 1737
1738, 1739
1739, 1738
1739, 1740
1740, 1739
1740, 1741
1741, 1740
1742, 1743
1743, 1742
1743, 1744
1744, 1743
1744, 1745
1745, 1744
1745, 1746
1746, 1745
1746, 1747
1747, 1746
1748, 1749
1749, 1748
1749, 1750
1750, 1749
1750, 1751
1751, 1750
1751, 1752
1752, 1751
1752, 1753
1753, 1752
1754, 1755
1755, 1754
1755, 1756
1756, 1755
1756, 1757
1757, 1756
1757, 1758
1758, 1757
1758, 1759
1759, 1758
1760, 1761
1761, 1760
1761, 1762
1762, 1761
1762, 1763
1763, 1762
1763, 1764
1764, 1763
1764, 1765
1765, 1764
1766, 1767
1767, 1766
1768, 1769
1769, 1768
1770, 1771
1771, 1770
1772, 1773
1773, 1772
1773, 1774
1774, 1773
1775, 1776
1776, 1775
1776, 1777
1777, 1776
1778, 1779
1779, 1778
1779, 1780
1780, 1779
1781, 1782
1782, 1781
1783, 1784
1784, 1783
1785, 1786
1786, 1785
1787, 1788
1788, 1787
1788, 1789
1789, 1788
1789, 1790
1790, 1789
1790, 1791
1791, 1790
1791, 1792
1792, 1791
1793, 1794
1794, 1793
1794, 1795
1795, 1794
1795, 1796
1796, 1795
1796, 1797
1797, 1796
1797, 1798
1798, 1797
1799, 1800
1800, 1799
1800, 1801
1801, 1800
1801, 1802
1802, 1801
1802, 1803
1803, 1802
1803, 1804
1804, 1803
1805, 1806
1806, 1805
1806, 1807
1807, 1806
1807, 1808
1808, 1807
1808, 1809
1809, 1808
1809, 1810
1810, 1809
1811, 1812
1812, 1811
1812, 1813
1813, 1812
1813, 1814
1814, 1813
1814, 1815
1815, 1814
1815, 1816
1816, 1815
1817, 1818
1818, 1817
1819, 1820
1820, 1819
1821, 1822
1822, 1821
1823, 1824
1824, 1823
1825, 1826
1826, 1825
1827, 1828
1828, 1827
1829, 1830
1830, 1829
1831, 1832
1832, 1831
1833, 1834
1834, 1833
1834, 1835
1835, 1834
1835, 1836
1836, 1835
1837, 1838
1838, 1837
1838, 1839
1839, 1838
1839, 1840
1840, 1839
1841, 1842
1842, 1841
1842, 1843
1843, 1842
1843, 1844
1844, 1843
1845, 1846
1846, 1845
1846, 1847
1847, 1846
1847, 1848
1848, 1847
1849, 1850
1850, 1849
1850, 1851
1851, 1850
1851, 1852
1852, 1851
1853, 1854
1854, 1853
1855, 1856
1856, 1855
1857, 1858
1858, 1857
1859, 1860
1860, 1859
1860, 1861
1861, 1860
1861, 1862
1862, 1861
1862, 1863
1863, 1862
1864, 1865
1865, 1864
1865, 1866
1866, 1865
1866, 1867
1867, 1866
1867, 1868
1868, 1867
1869, 1870
1870, 1869
1870, 1871
1871, 1870
1871, 1872
1872, 1871
1872, 1873
1873, 1872
1874, 1875
1875, 1874
1875, 1876
1876, 1875
1876, 1877
1877, 1876
1877, 1878
1878, 1877
1879, 1880
1880, 1879
1880, 1881
1881, 1880
1881, 1882
1882, 1881
1882, 1883
1883, 1882
1884, 1885
1885, 1884
1885, 1886
1886, 1885
1886, 1887
1887, 1886
1888, 1889
1889, 1888
1889, 1890
1890, 1889
1890, 1891
1891, 1890
1892, 1893
1893, 1892
1893, 1894
1894, 1893
1894, 1895
1895, 1894
1896, 1897
1897, 1896
1898, 1899
1899, 1898
1900, 1901
1901, 1900
1902, 1903
1903, 1902
1904, 1905
1905, 1904
1906, 1907
1907, 1906
1908, 1909
1909, 1908
1910, 1911
1911, 1910
1912, 1913
1913, 1912
1914, 1915
1915, 1914
1916, 1917
1917, 1916
1917, 1918
1918, 1917
1918, 1919
1919, 1918
1919, 1920
1920, 1919
1920, 1921
1921, 1920
1922, 1923
1923, 1922
1923, 1924
1924, 1923
1924, 1925
1925, 1924
1925, 1926
1926, 1925
1926, 1927
1927, 1926
1928, 1929
1929, 1928
1929, 1930
1930, 1929
1930, 1931
1931, 1930
1931, 1932
1932, 1931
1932, 1933
1933, 1932
1934, 1935
1935, 1934
1936, 1937
1937, 1936
1938, 1939
1939, 1938
1940, 1941
1941, 1940
1942, 1943
1943, 1942
1943, 1944
1944, 1943
1945, 1946
1946, 1945
1946, 1947
1947, 1946
1948, 1949
1949, 1948
1949, 1950
1950, 1949
1951, 1952
1952, 1951
1952, 1953
1953, 1952
1954, 1955
1955, 1954
1955, 1956
1956, 1955
1957, 1958
1958, 1957
1958, 1959
1959, 1958
1959, 1960
1960, 1959
1960, 1961
1961, 1960
1962, 1963
1963, 1962
1963, 1964
1964, 1963
1964, 1965
1965, 1964
1965, 1966
1966, 1965
1967, 1968
1968, 1967
1968, 1969
1969, 1968
1969, 1970
1970, 1969
1970, 1971
1971, 1970
1972, 1973
1973, 1972
1973, 1974
1974, 1973
1974, 1975
1975, 1974
1975, 1976
1976, 1975
1977, 1978
1978, 1977
1978, 1979
1979, 1978
1979, 1980
1980, 1979
1980, 1981
1981, 1980
1982, 1983
1983, 1982
1983, 1984
1984, 1983
1984, 1985
1985, 1984
1986, 1987
1987, 1986
1987, 1988
1988, 1987
1988, 1989
1989, 1988
1990, 1991
1991, 1990
1991, 1992
1992, 1991
1992, 1993
1993, 1992
1994, 1995
1995, 1994
1995, 1996
1996, 1995
1996, 1997
1997, 1996
1998, 1999
1999, 1998
1999, 2000
2000, 1999
2001, 2002
2002, 2001
2002, 2003
2003, 2002
2004, 2005
2005, 2004
2005, 2006
2006, 2005
2007, 2007
2007, 2007
2008, 2008
2008, 2008
2009, 2009
2009, 2009
2010, 2010
2010, 2010
2011, 2011
2011, 2011
2012, 2012
2012, 2012
2013, 2013
2013, 2013
2014, 2014
2014, 2014
2015, 2015
2015, 2015
2016, 2016
2016, 2016
2017, 2018
2018, 2017
2018, 2019
2019, 2018
2019, 2020
2020, 2019
2020, 2021
2021, 2020
2022, 2023
2023, 2022
2023, 2024
2024, 2023
2024, 2025
2025, 2024
2025, 2026
2026, 2025
2027, 2028
2028, 2027
2028, 2029
2029, 2028
2029, 2030
2030, 2029
2030, 2031
2031, 2030
2032, 2033
2033, 2032
2033, 2034
2034, 2033
2035, 2036
2036, 2035
2036, 2037
2037, 2036
2038, 2039
2039, 2038
2039, 2040
2040, 2039
2041, 2042
2042, 2041
2042, 2043
2043, 2042
2044, 2045
2045, 2044
2045, 2046
2046, 2045
2046, 2047
2047, 2046
2048, 2049
2049, 2048
2049, 2050
2050, 2049
2050, 2051
2051, 2050
2052, 2053
2053, 2052
2053, 2054
2054, 2053
2054, 2055
2055, 2054
2056, 2057
2057, 2056
2057, 2058
2058, 2057
2058, 2059
2059, 2058
2060, 2061
2061, 2060
2061, 2062
2062, 2061
2062, 2063
2063, 2062
2064, 2065
2065, 2064
2065, 2066
2066, 2065
2066, 2067
2067, 2066
2068, 2069
2069, 2068
2069, 2070
2070, 2069
2070, 2071
2071, 2070
2072, 2073
2073, 2072
2073, 2074
2074, 2073
2074, 2075
2075, 2074
2076, 2077
2077, 2076
2077, 2078
2078, 2077
2079, 2080
2080, 2079
2080, 2081
2081, 2080
2082, 2083
2083, 2082
2083, 2084
2084, 2083
2085, 2086
2086, 2085
2086, 2087
2087, 2086
2088, 2089
2089, 2088
2089, 2090
2090, 2089
2090, 2091
2091, 2090
2091, 2092
2092, 2091
2092, 2093
2093, 2092
2093, 2094
2094, 2093
2094, 2095
2095, 2094
2095, 2096
2096, 2095
2097, 2098
2098, 2097
2098, 2099
2099, 2098
2099, 2100
2100, 2099
2100, 2101
2101, 2100
2101, 2102
2102, 2101
2102, 2103
2103, 2102
2103, 2104
2104, 2103
2104, 2105
2105, 2104
2106, 2107
2107, 2106
2107, 2108
2108, 2107
2108, 2109
2109, 2108
2109, 2110
2110, 2109
2110, 2111
2111, 2110
2111, 2112
2112, 2111
2112, 2113
2113, 2112
2113, 2114
2114, 2113
2115, 2116
2116, 2115
2116, 2117
2117, 2116
2117, 2118
2118, 2117
2118, 2119
2119, 2118
2119, 2120
2120, 2119
2120, 2121
2121, 2120
2121, 2122
2122, 2121
2122, 2123
2123, 2122
2124, 2125
2125, 2124
2125, 2126
2126, 2125
2126, 2127
2127, 2126
2127, 2128
2128, 2127
2128, 2129
2129, 2128
2129, 2130
2130, 2129
2130, 2131
2131, 2130
2131, 2132
2132, 2131
2133, 2134
2134, 2133
2134, 2135
2135, 2134
2135, 2136
2136, 2135
2136, 2137
2137, 2136
2137, 2138
2138, 2137
2139, 2140
2140, 2139
2140, 2141
2141, 2140
2141, 2142
2142, 2141
2142, 2143
2143, 2142
2143, 2144
2144, 2143
2145, 2146
2146, 2145
2146, 2147
2147, 2146
2147, 2148
2148, 2147
2148, 2149
2149, 2148
2149, 2150
2150, 2149
2151, 2152
2152, 2151
2153, 2154
2154, 2153
2155, 2156
2156, 2155
2157, 2158
2158, 2157
2159, 2160
2160, 2159
2160, 2161
2161, 2160
2161, 2162
2162, 2161
2163, 2164
2164, 2163
2164, 2165
2165, 2164
2165, 2166
2166, 2165
2167, 2168
2168, 2167
2168, 2169
2169, 2168
2169, 2170
2170, 2169
2171, 2172
2172, 2171
2172, 2173
2173, 2172
2173, 2174
2174, 2173
2175, 2176
2176, 2175
2176, 2177
2177, 2176
2177, 2178
2178, 2177
2179, 2180
2180, 2179
2180, 2181
2181, 2180
2181, 2182
2182, 2181
2183, 2184
2184, 2183
2184, 2185
2185, 2184
2186, 2187
2187, 2186
2187, 2188
2188, 2187
2189, 2190
2190, 2189
2190, 2191
2191, 2190
2192, 2193
2193, 2192
2193, 2194
2194, 2193
2195, 2196
2196, 2195
2196, 2197
2197, 2196
2197, 2198
2198, 2197
2199, 2200
2200, 2199
2200, 2201
2201, 2200
2201, 2202
2202, 2201
2203, 2204
2204, 2203
2204, 2205
2205, 2204
2205, 2206
2206, 2205
2207, 2208
2208, 2207
2208, 2209
2209, 2208
2209, 2210
2210, 2209
2211, 2212
2212, 2211
2213, 2214
2214, 2213
2215, 2216
2216, 2215
2217, 2218
2218, 2217
2219, 2220
2220, 2219
2220, 2221
2221, 2220
2221, 2222
2222, 2221
2222, 2223
2223, 2222
2223, 2224
2224, 2223
2225, 2226
2226, 2225
2226, 2227
2227, 2226
2227, 2228
2228, 2227
2228, 2229
2229, 2228
2229, 2230
2230, 2229
2231, 2232
2232, 2231
2232, 2233
2233, 2232
2233, 2234
2234, 2233
2234, 2235
2235, 2234
2235, 2236
2236, 2235
2237, 2238
2238, 2237
2238, 2239
2239, 2238
2239, 2240
2240, 2239
2240, 2241
2241, 2240
2241, 2242
2242, 2241
2243, 2244
2244, 2243
2244, 2245
2245, 2244
2246, 2247
2247, 2246
2247, 2248
2248, 2247
2249, 2250
2250, 2249
2250, 2251
2251, 2250
2252, 2253
2253, 2252
2253, 2254
2254, 2253
2255, 2256
2256, 2255
2256, 2257
2257, 2256
2258, 2259
2259, 2258
2259, 2260
2260, 2259
2261, 2262
2262, 2261
2262, 2263
2263, 2262
2264, 2265
2265, 2264
2265, 2266
2266, 2265
2267, 2268
2268, 2267
2269, 2270
2270, 2269
2271, 2272
2272, 2271
2273, 2274
2274, 2273
2275, 2276
2276, 2275
2277, 2278
2278, 2277
2278, 2279
2279, 2278
2279, 2280
2280, 2279
2280, 2281
2281, 2280
2281, 2282
2282, 2281
2283, 2284
2284, 2283
2284, 2285
2285, 2284
2285, 2286
2286, 2285
2286, 2287
2287, 2286
2287, 2288
2288, 2287
2289, 2290
2290, 2289
2290, 2291
2291, 2290
2291, 2292
2292, 2291
2292, 2293
2293, 2292
2293, 2294
2294, 2293
2295, 2296
2296, 2295
2296, 2297
2297, 2296
2297, 2298
2298, 2297
2298, 2299
2299, 2298
2299, 2300
2300, 2299
2301, 2302
2302, 2301
2302, 2303
2303, 2302
2303, 2304
2304, 2303
2304, 2305
2305, 2304
2305, 2306
2306, 2305
2307, 2308
2308, 2307
2308, 2309
2309, 2308
2309, 2310
2310, 2309
2310, 2311
2311, 2310
2311, 2312
2312, 2311
2313, 2314
2314, 2313
2314, 2315
2315, 2314
2315, 2316
2316, 2315
2316, 2317
2317, 2316
2317, 2318
2318, 2317
2319, 2320
2320, 2319
2320, 2321
2321, 2320
2321, 2322
2322, 2321
2322, 2323
2323, 2322
2323, 2324
2324, 2323
2325, 2326
2326, 2325
2327, 2328
2328, 2327
2329, 2330
2330, 2329
2331, 2332
2332, 2331
2333, 2334
2334, 2333
2335, 2336
2336, 2335
2336, 2337
2337, 2336
2338, 2339
2339, 2338
2339, 2340
2340, 2339
2341, 2342
2342, 2341
2342, 2343
2343, 2342
2344, 2345
2345, 2344
2345, 2346
2346, 2345
2347, 2348
2348, 2347
2348, 2349
2349, 2348
2349, 2350
2350, 2349
2351, 2352
2352, 2351
2352, 2353
2353, 2352
2353, 2354
2354, 2353
2355, 2356
2356, 2355
2356, 2357
2357, 2356
2357, 2358
2358, 2357
2359, 2360
2360, 2359
2360, 2361
2361, 2360
2361, 2362
2362, 2361
2363, 2364
2364, 2363
2364, 2365
2365, 2364
2366, 2367
2367, 2366
2367, 2368
2368, 2367
2369, 2370
2370, 2369
2370, 2371
2371, 2370
2372, 2373
2373, 2372
2373, 2374
2374, 2373
2375, 2376
2376, 2375
2376, 2377
2377, 2376
2378, 2379
2379, 2378
2379, 2380
2380, 2379
2381, 2382
2382, 2381
2382, 2383
2383, 2382
2384, 2385
2385, 2384
2385, 2386
2386, 2385
2387, 2388
2388, 2387
2388, 2389
2389, 2388
2390, 2391
2391, 2390
2391, 2392
2392, 2391
2392, 2393
2393, 2392
2393, 2394
2394, 2393
2395, 2396
2396, 2395
2396, 2397
2397, 2396
2397, 2398
2398, 2397
2398, 2399
2399, 2398
2400, 2401
2401, 2400
2401, 2402
2402, 2401
2402, 2403
2403, 2402
2403, 2404
2404, 2403
2405, 2406
2406, 2405
2407, 2408
2408, 2407
2409, 2410
2410, 2409
2411, 2412
2412, 2411
2412, 2413
2413, 2412
2413, 2414
2414, 2413
2415, 2416
2416, 2415
2416, 2417
2417, 2416
2417, 2418
2418, 2417
2419, 2420
2420, 2419
2420, 2421
2421, 2420
2421, 2422
2422, 2421
2423, 2424
2424, 2423
2424, 2425
2425, 2424
2425, 2426
2426, 2425
2427, 2428
2428, 2427
2428, 2429
2429, 2428
2429, 2430
2430, 2429
2430, 2431
2431, 2430
2432, 2433
2433, 2432
2433, 2434
2434, 2433
2434, 2435
2435, 2434
2435, 2436
2436, 2435
2437, 2438
2438, 2437
2438, 2439
2439, 2438
2439, 2440
2440, 2439
2440, 2441
2441, 2440
2442, 2443
2443, 2442
2443, 2444
2444, 2443
2444, 2445
2445, 2444
2446, 2447
2447, 2446
2447, 2448
2448, 2447
2448, 2449
2449, 2448
2450, 2451
2451, 2450
2451, 2452
2452, 2451
2452, 2453
2453, 2452
2454, 2455
2455, 2454
2455, 2456
2456, 2455
2456, 2457
2457, 2456
2458, 2459
2459, 2458
2459, 2460
2460, 2459
2460, 2461
2461, 2460
2462, 2463
2463, 2462
2463, 2464
2464, 2463
2464, 2465
2465, 2464
2465, 2466
2466, 2465
2467, 2468
2468, 2467
2468, 2469
2469, 2468
2469, 2470
2470, 2469
2470, 2471
2471, 2470
2472, 2473
2473, 2472
2473, 2474
2474, 2473
2474, 2475
2475, 2474
2475, 2476
2476, 2475
2477, 2478
2478, 2477
2478, 2479
2479, 2478
2479, 2480
2480, 2479
2480, 2481
2481, 2480
2482, 2483
2483, 2482
2483, 2484
2484, 2483
2484, 2485
2485, 2484
2485, 2486
2486, 2485
2487, 2488
2488, 2487
2488, 2489
2489, 2488
2490, 2491
2491, 2490
2491, 2492
2492, 2491
2493, 2494
2494, 2493
2494, 2495
2495, 2494
2496, 2497
2497, 2496
2497, 2498
2498, 2497
2499, 2500
2500, 2499
2500, 2501
2501, 2500
2501, 2502
2502, 2501
2503, 2504
2504, 2503
2504, 2505
2505, 2504
2505, 2506
2506, 2505
2507, 2508
2508, 2507
2508, 2509
2509, 2508
2509, 2510
2510, 2509
2511, 2512
2512, 2511
2513, 2514
2514, 2513
2515, 2516
2516, 2515
2517, 2518
2518, 2517
2519, 2520
2520, 2519
2520, 2521
2521, 2520
2521, 2522
2522, 2521
2523, 2524
2524, 2523
2524, 2525
2525, 2524
2525, 2526
2526, 2525
2527, 2528
2528, 2527
2528, 2529
2529, 2528
2529, 2530
2530, 2529
2531, 2532
2532, 2531
2532, 2533
2533, 2532
2533, 2534
2534, 2533
2535, 2536
2536, 2535
2536, 2537
2537, 2536
2537, 2538
2538, 2537
2539, 2540
2540, 2539
2540, 2541
2541, 2540
2541, 2542
2542, 2541
2543, 2544
2544, 2543
2544, 2545
2545, 2544
2545, 2546
2546, 2545
2547, 2548
2548, 2547
2548, 2549
2549, 2548
2549, 2550
2550, 2549
2551, 2552
2552, 2551
2552, 2553
2553, 2552
2553, 2554
2554, 2553
2555, 2556
2556, 2555
2556, 2557
2557, 2556
2558, 2559
2559, 2558
2559, 2560
2560, 2559
2561, 2562
2562, 2561
2562, 2563
2563, 2562
2564, 2565
2565, 2564
2565, 2566
2566, 2565
2566, 2567
2567, 2566
2567, 2568
2568, 2567
2568, 2569
2569, 2568
2570, 2571
2571, 2570
2571, 2572
2572, 2571
2572, 2573
2573, 2572
2573, 2574
2574, 2573
2574, 2575
2575, 2574
2576, 2577
2577, 2576
2577, 2578
2578, 2577
2578, 2579
2579, 2578
2579, 2580
2580, 2579
2580, 2581
2581, 2580
2582, 2583
2583, 2582
2583, 2584
2584, 2583
2584, 2585
2585, 2584
2585, 2586
2586, 2585
2586, 2587
2587, 2586
2588, 2589
2589, 2588
2589, 2590
2590, 2589
2590, 2591
2591, 2590
2591, 2592
2592, 2591
2592, 2593
2593, 2592
2594, 2595
2595, 2594
2595, 2596
2596, 2595
2596, 2597
2597, 2596
2597, 2598
2598, 2597
2598, 2599
2599, 2598
2600, 2601
2601, 2600
2601, 2602
2602, 2601
2602, 2603
2603, 2602
2603, 2604
2604, 2603
2604, 2605
2605, 2604
2606, 2607
2607, 2606
2607, 2608
2608, 2607
2608, 2609
2609, 2608
2609, 2610
2610, 2609
2610, 2611
2611, 2610
2612, 2613
2613, 2612
2613, 2614
2614, 2613
2615, 2616
2616, 2615
2616, 2617
2617, 2616
2618, 2619
2619, 2618
2619, 2620
2620, 2619
2621, 2622
2622, 2621
2622, 2623
2623, 2622
2623, 2624
2624, 2623
2624, 2625
2625, 2624
2626, 2627
2627, 2626
2627, 2628
2628, 2627
2628, 2629
2629, 2628
2629, 2630
2630, 2629
2631, 2632
2632, 2631
2632, 2633
2633, 2632
2633, 2634
2634, 2633
2634, 2635
2635, 2634
2636, 2637
2637, 2636
2637, 2638
2638, 2637
2638, 2639
2639, 2638
2639, 2640
2640, 2639
2641, 2642
2642, 2641
2642, 2643
2643, 2642
2643, 2644
2644, 2643
2645, 2646
2646, 2645
2646, 2647
2647, 2646
2647, 2648
2648, 2647
2649, 2650
2650, 2649
2650, 2651
2651, 2650
2651, 2652
2652, 2651
2653, 2654
2654, 2653
2654, 2655
2655, 2654
2655, 2656
2656, 2655
2657, 2658
2658, 2657
2658, 2659
2659, 2658
2659, 2660
2660, 2659
2661, 2662
2662, 2661
2663, 2664
2664, 2663
2665, 2666
2666, 2665
2667, 2668
2668, 2667
2668, 2669
2669, 2668
2669, 2670
2670, 2669
2671, 2672
2672, 2671
2672, 2673
2673, 2672
2673, 2674
2674, 2673
2675, 2676
2676, 2675
2676, 2677
2677, 2676
2677, 2678
2678, 2677
2679, 2680
2680, 2679
2681, 2682
2682, 2681
2683, 2684
2684, 2683
2685, 2686
2686, 2685
2687, 2688
2688, 2687
2688, 2689
2689, 2688
2689, 2690
2690, 2689
2691, 2692
2692, 2691
2692, 2693
2693, 2692
2693, 2694
2694, 2693
2695, 2696
2696, 2695
2696, 2697
2697, 2696
2697, 2698
2698, 2697
2699, 2700
2700, 2699
2701, 2702
2702, 2701
2703, 2704
2704, 2703
2705, 2706
2706, 2705
2707, 2708
2708, 2707
2709, 2710
2710, 2709
2710, 2711
2711, 2710
2711, 2712
2712, 2711
2712, 2713
2713, 2712
2713, 2714
2714, 2713
2715, 2716
2716, 2715
2716, 2717
2717, 2716
2717, 2718
2718, 2717
2718, 2719
2719, 2718
2719, 2720
2720, 2719
2721, 2722
2722, 2721
2722, 2723
2723, 2722
2723, 2724
2724, 2723
2724, 2725
2725, 2724
2725, 2726
2726, 2725
2727, 2728
2728, 2727
2728, 2729
2729, 2728
2729, 2730
2730, 2729
2730, 2731
2731, 2730
2731, 2732
2732, 2731
2733, 2734
2734, 2733
2734, 2735
2735, 2734
2735, 2736
2736, 2735
2737, 2738
2738, 2737
2738, 2739
2739, 2738
2739, 2740
2740, 2739
2741, 2742
2742, 2741
2742, 2743
2743, 2742
2743, 2744
2744, 2743
2745, 2746
2746, 2745
2746, 2747
2747, 2746
2747, 2748
2748, 2747
2749, 2750
2750, 2749
2750, 2751
2751, 2750
2752, 2753
2753, 2752
2753, 2754
2754, 2753
2755, 2756
2756, 2755
2756, 2757
2757, 2756
2758, 2759
2759, 2758
2759, 2760
2760, 2759
2761, 2762
2762, 2761
2762, 2763
2763, 2762
2764, 2765
2765, 2764
2765, 2766
2766, 2765
2766, 2767
2767, 2766
2767, 2768
2768, 2767
2768, 2769
2769, 2768
2770, 2771
2771, 2770
2771, 2772
2772, 2771
2772, 2773
2773, 2772
2773, 2774
2774, 2773
2774, 2775
2775, 2774
2776, 2777
2777, 2776
2777, 2778
2778, 2777
2778, 2779
2779, 2778
2779, 2780
2780, 2779
2780, 2781
2781, 2780
2782, 2783
2783, 2782
2783, 2784
2784, 2783
2784, 2785
2785, 2784
2785, 2786
2786, 2785
2786, 2787
2787, 2786
2788, 2789
2789, 2788
2789, 2790
2790, 2789
2790, 2791
2791, 2790
2791, 2792
2792, 2791
2792, 2793
2793, 2792
2794, 2795
2795, 2794
2795, 2796
2796, 2795
2796, 2797
2797, 2796
2797, 2798
2798, 2797
2799, 2800
2800, 2799
2800, 2801
2801, 2800
2801, 2802
2802, 2801
2802, 2803
2803, 2802
2804, 2805
2805, 2804
2805, 2806
2806, 2805
2806, 2807
2807, 2806
2807, 2808
2808, 2807
2809, 2810
2810, 2809
2810, 2811
2811, 2810
2811, 2812
2812, 2811
2812, 2813
2813, 2812
2813, 2814
2814, 2813
2815, 2816
2816, 2815
2816, 2817
2817, 2816
2817, 2818
2818, 2817
2818, 2819
2819, 2818
2819, 2820
2820, 2819
2821, 2822
2822, 2821
2822, 2823
2823, 2822
2823, 2824
2824, 2823
2824, 2825
2825, 2824
2825, 2826
2826, 2825
2827, 2828
2828, 2827
2828, 2829
2829, 2828
2829, 2830
2830, 2829
2830, 2831
2831, 2830
2831, 2832
2832, 2831
2833, 2834
2834, 2833
2835, 2836
2836, 2835
2837, 2838
2838, 2837
2839, 2840
2840, 2839
2841, 2842
2842, 2841
2842, 2843
2843, 2842
2843, 2844
2844, 2843
2845, 2846
2846, 2845
2846, 2847
2847, 2846
2847, 2848
2848, 2847
2849, 2850
2850, 2849
2850, 2851
2851, 2850
2851, 2852
2852, 2851
2853, 2854
2854, 2853
2854, 2855
2855, 2854
2855, 2856
2856, 2855
2857, 2858
2858, 2857
2858, 2859
2859, 2858
2859, 2860
2860, 2859
2861, 2862
2862, 2861
2862, 2863
2863, 2862
2863, 2864
2864, 2863
2865, 2866
2866, 2865
2866, 2867
2867, 2866
2867, 2868
2868, 2867
2869, 2870
2870, 2869
2870, 2871
2871, 2870
2871, 2872
2872, 2871
2873, 2874
2874, 2873
2874, 2875
2875, 2874
2875, 2876
2876, 2875
2876, 2877
2877, 2876
2877, 2878
2878, 2877
2879, 2880
2880, 2879
2880, 2881
2881, 2880
2881, 2882
2882, 2881
2882, 2883
2883, 2882
2883, 2884
2884, 2883
2885, 2886
2886, 2885
2886, 2887
2887, 2886
2887, 2888
2888, 2887
2888, 2889
2889, 2888
2889, 2890
2890, 2889
2891, 2892
2892, 2891
2892, 2893
2893, 2892
2893, 2894
2894, 2893
2894, 2895
2895, 2894
2895, 2896
2896, 2895
2897, 2898
2898, 2897
2898, 2899
2899, 2898
2899, 2900
2900, 2899
2900, 2901
2901, 2900
2901, 2902
2902, 2901
2902, 2903
2903, 2902
2903, 2904
2904, 2903
2905, 2906
2906, 2905
2906, 2907
2907, 2906
2907, 2908
2908, 2907
2908, 2909
2909, 2908
2909, 2910
2910, 2909
2910, 2911
2911, 2910
2911, 2912
2912, 2911
2913, 2914
2914, 2913
2914, 2915
2915, 2914
2915, 2916
2916, 2915
2916, 2917
2917, 2916
2917, 2918
2918, 2917
2918, 2919
2919, 2918
2919, 2920
2920, 2919
2921, 2922
2922, 2921
2922, 2923
2923, 2922
2923, 2924
2924, 2923
2924, 2925
2925, 2924
2925, 2926
2926, 2925
2926, 2927
2927, 2926
2927, 2928
2928, 2927
2929, 2929
2929, 2929
2930, 2930
2930, 2930
2931, 2931
2931, 2931
2932, 2932
2932, 2932
2933, 2934
2934, 2933
2934, 2935
2935, 2934
2935, 2936
2936, 2935
2937, 2938
2938, 2937
2938, 2939
2939, 2938
2939, 2940
2940, 2939
2941, 2942
2942, 2941
2942, 2943
2943, 2942
2943, 2944
2944, 2943
2945, 2946
2946, 2945
2946, 2947
2947, 2946
2947, 2948
2948, 2947
2949, 2950
2950, 2949
2950, 2951
2951, 2950
2951, 2952
2952, 2951
2952, 2953
2953, 2952
2954, 2955
2955, 2954
2955, 2956
2956, 2955
2956, 2957
2957, 2956
2957, 2958
2958, 2957
2959, 2960
2960, 2959
2960, 2961
2961, 2960
2961, 2962
2962, 2961
2962, 2963
2963, 2962
2964, 2965
2965, 2964
2965, 2966
2966, 2965
2966, 2967
2967, 2966
2967, 2968
2968, 2967
2969, 2970
2970, 2969
2970, 2971
2971, 2970
2971, 2972
2972, 2971
2972, 2973
2973, 2972
2974, 2975
2975, 2974
2975, 2976
2976, 2975
2976, 2977
2977, 2976
2977, 2978
2978, 2977
2979, 2980
2980, 2979
2980, 2981
2981, 2980
2981, 2982
2982, 2981
2982, 2983
2983, 2982
2984, 2985
2985, 2984
2985, 2986
2986, 2985
2986, 2987
2987, 2986
2987, 2988
2988, 2987
2989, 2990
2990, 2989
2990, 2991
2991, 2990
2992, 2993
2993, 2992
2993, 2994
2994, 2993
2995, 2996
2996, 2995
2996, 2997
2997, 2996
2998, 2999
2999, 2998
2999, 3000
3000, 2999
3000, 3001
3001, 3000
3002, 3003
3003, 3002
3003, 3004
3004, 3003
3004, 3005
3005, 3004
3006, 3007
3007, 3006
3007, 3008
3008, 3007
3008, 3009
3009, 3008
3010, 3011
3011, 3010
3011, 3012
3012, 3011
3012, 3013
3013, 3012
3014, 3015
3015, 3014
3015, 3016
3016, 3015
3016, 3017
3017, 3016
3018, 3019
3019, 3018
3019, 3020
3020, 3019
3020, 3021
3021, 3020
3022, 3022
3022, 3022
3023, 3023
3023, 3023
3024, 3024
3024, 3024
3025, 3025
3025, 3025
3026, 3026
3026, 3026
3027, 3027
3027, 3027
3028, 3028
3028, 3028
3029, 3029
3029, 3029
3030, 3031
3031, 3030
3031, 3032
3032, 3031
3033, 3034
3034, 3033
3034, 3035
3035, 3034
3036, 3037
3037, 3036
3037, 3038
3038, 3037
3039, 3040
3040, 3039
3041, 3042
3042, 3041
3043, 3044
3044, 3043
3045, 3046
3046, 3045
3046, 3047
3047, 3046
3047, 3048
3048, 3047
3048, 3049
3049, 3048
3049, 3050
3050, 3049
3051, 3052
3052, 3051
3052, 3053
3053, 3052
3053, 3054
3054, 3053
3054, 3055
3055, 3054
3055, 3056
3056, 3055
3057, 3058
3058, 3057
3058, 3059
3059, 3058
3059, 3060
3060, 3059
3060, 3061
3061, 3060
3061, 3062
3062, 3061
3063, 3064
3064, 3063
3065, 3066
3066, 3065
3067, 3068
3068, 3067
3069, 3070
3070, 3069
3070, 3071
3071, 3070
3071, 3072
3072, 3071
3073, 3074
3074, 3073
3074, 3075
3075, 3074
3075, 3076
3076, 3075
3077, 3078
3078, 3077
3078, 3079
3079, 3078
3079, 3080
3080, 3079
3081, 3082
3082, 3081
3082, 3083
3083, 3082
3083, 3084
3084, 3083
3085, 3086
3086, 3085
3086, 3087
3087, 3086
3087, 3088
3088, 3087
3089, 3090
3090, 3089
3090, 3091
3091, 3090
3091, 3092
3092, 3091
3093, 3094
3094, 3093
3094, 3095
3095, 3094
3095, 3096
3096, 3095
3097, 3098
3098, 3097
3098, 3099
3099, 3098
3100, 3101
3101, 3100
3101, 3102
3102, 3101
3103, 3104
3104, 3103
3104, 3105
3105, 3104
3106, 3107
3107, 3106
3107, 3108
3108, 3107
3108, 3109
3109, 3108
3110, 3111
3111, 3110
3111, 3112
3112, 3111
3112, 3113
3113, 3112
3114, 3115
3115, 3114
3115, 3116
3116, 3115
3116, 3117
3117, 3116
3118, 3119
3119, 3118
3120, 3121
3121, 3120
3122, 3123
3123, 3122
3124, 3125
3125, 3124
3126, 3127
3127, 3126
3128, 3129
3129, 3128
3130, 3131
3131, 3130
3132, 3133
3133, 3132
3134, 3135
3135, 3134
3136, 3137
3137, 3136
3137, 3138
3138, 3137
3139, 3140
3140, 3139
3140, 3141
3141, 3140
3142, 3143
3143, 3142
3143, 3144
3144, 3143
3145, 3146
3146, 3145
3146, 3147
3147, 3146
3148, 3149
3149, 3148
3149, 3150
3150, 3149
3151, 3152
3152, 3151
3152, 3153
3153, 3152
3154, 3155
3155, 3154
3155, 3156
3156, 3155
3157, 3158
3158, 3157
3158, 3159
3159, 3158
3160, 3161
3161, 3160
3161, 3162
3162, 3161
3163, 3164
3164, 3163
3164, 3165
3165, 3164
3166, 3167
3167, 3166
3168, 3169
3169, 3168
3170, 3171
3171, 3170
3172, 3173
3173, 3172
3174, 3175
3175, 3174
3175, 3176
3176, 3175
3176, 3177
3177, 3176
3178, 3179
3179, 3178
3179, 3180
3180, 3179
3180, 3181
3181, 3180
3182, 3183
3183, 3182
3183, 3184
3184, 3183
3184, 3185
3185, 3184
3186, 3187
3187, 3186
3187, 3188
3188, 3187
3188, 3189
3189, 3188
3190, 3191
3191, 3190
3191, 3192
3192, 3191
3192, 3193
3193, 3192
3193, 3194
3194, 3193
3194, 3195
3195, 3194
3195, 3196
3196, 3195
3196, 3197
3197, 3196
3197, 3198
3198, 3197
3199, 3200
3200, 3199
3200, 3201
3201, 3200
3201, 3202
3202, 3201
3202, 3203
3203, 3202
3203, 3204
3204, 3203
3204, 3205
3205, 3204
3205, 3206
3206, 3205
3206, 3207
3207, 3206
3208, 3209
3209, 3208
3209, 3210
3210, 3209
3210, 3211
3211, 3210
3211, 3212
3212, 3211
3212, 3213
3213, 3212
3213, 3214
3214, 3213
3214, 3215
3215, 3214
3215, 3216
3216, 3215
3217, 3218
3218, 3217
3218, 3219
3219, 3218
3219, 3220
3220, 3219
3220, 3221
3221, 3220
3221, 3222
3222, 3221
3222, 3223
3223, 3222
3223, 3224
3224, 3223
3224, 3225
3225, 3224
3226, 3227
3227, 3226
3227, 3228
3228, 3227
3228, 3229
3229, 3228
3229, 3230
3230, 3229
3230, 3231
3231, 3230
3231, 3232
3232, 3231
3232, 3233
3233, 3232
3233, 3234
3234, 3233
3235, 3236
3236, 3235
3237, 3238
3238, 3237
3239, 3240
3240, 3239
3241, 3242
3242, 3241
3243, 3244
3244, 3243
3244, 3245
3245, 3244
3245, 3246
3246, 3245
3247, 3248
3248, 3247
3248, 3249
3249, 3248
3249, 3250
3250, 3249
3251, 3252
3252, 3251
3252, 3253
3253, 3252
3253, 3254
3254, 3253
3255, 3256
3256, 3255
3257, 3258
3258, 3257
3259, 3260
3260, 3259
3261, 3262
3262, 3261
3263, 3264
3264, 3263
3264, 3265
3265, 3264
3266, 3267
3267, 3266
3267, 3268
3268, 3267
3269, 3270
3270, 3269
3270, 3271
3271, 3270
3272, 3273
3273, 3272
3273, 3274
3274, 3273
3275, 3276
3276, 3275
3276, 3277
3277, 3276
3277, 3278
3278, 3277
3278, 3279
3279, 3278
3280, 3281
3281, 3280
3281, 3282
3282, 3281
3282, 3283
3283, 3282
3283, 3284
3284, 3283
3285, 3286
3286, 3285
3286, 3287
3287, 3286
3287, 3288
3288, 3287
3288, 3289
3289, 3288
3290, 3291
3291, 3290
3291, 3292
3292, 3291
3292, 3293
3293, 3292
3293, 3294
3294, 3293
3295, 3296
3296, 3295
3296, 3297
3297, 3296
3297, 3298
3298, 3297
3298, 3299
3299, 3298
3299, 3300
3300, 3299
3301, 3302
3302, 3301
3302, 3303
3303, 3302
3303, 3304
3304, 3303
3304, 3305
3305, 3304
3305, 3306
3306, 3305
3307, 3308
3308, 3307
3308, 3309
3309, 3308
3309, 3310
3310, 3309
3310, 3311
3311, 3310
3311, 3312
3312, 3311
3313, 3314
3314, 3313
3314, 3315
3315, 3314
3315, 3316
3316, 3315
3317, 3318
3318, 3317
3318, 3319
3319, 3318
3319, 3320
3320, 3319
3321, 3322
3322, 3321
3322, 3323
3323, 3322
3323, 3324
3324, 3323
3325, 3326
3326, 3325
3326, 3327
3327, 3326
3327, 3328
3328, 3327
3329, 3330
3330, 3329
3330, 3331
3331, 3330
3332, 3333
3333, 3332
3333, 3334
3334, 3333
3335, 3336
3336, 3335
3336, 3337
3337, 3336
3338, 3339
3339, 3338
3339, 3340
3340, 3339
3341, 3342
3342, 3341
3342, 3343
3343, 3342
3343, 3344
3344, 3343
3344, 3345
3345, 3344
3346, 3347
3347, 3346
3347, 3348
3348, 3347
3348, 3349
3349, 3348
3349, 3350
3350, 3349
3351, 3352
3352, 3351
3352, 3353
3353, 3352
3353, 3354
3354, 3353
3354, 3355
3355, 3354
3356, 3357
3357, 3356
3357, 3358
3358, 3357
3358, 3359
3359, 3358
3359, 3360
3360, 3359
3361, 3362
3362, 3361
3362, 3363
3363, 3362
3364, 3365
3365, 3364
3365, 3366
3366, 3365
3367, 3368
3368, 3367
3368, 3369
3369, 3368
3370, 3371
3371, 3370
3371, 3372
3372, 3371
3373, 3374
3374, 3373
3374, 3375
3375, 3374
3376, 3377
3377, 3376
3377, 3378
3378, 3377
3379, 3380
3380, 3379
3380, 3381
3381, 3380
3382, 3383
3383, 3382
3383, 3384
3384, 3383
3385, 3386
3386, 3385
3386, 3387
3387, 3386
3387, 3388
3388, 3387
3389, 3390
3390, 3389
3390, 3391
3391, 3390
3391, 3392
3392, 3391
3393, 3394
3394, 3393
3394, 3395
3395, 3394
3395, 3396
3396, 3395
3397, 3398
3398, 3397
3398, 3399
3399, 3398
3399, 3400
3400, 3399
3400, 3401
3401, 3400
3402, 3403
3403, 3402
3403, 3404
3404, 3403
3404, 3405
3405, 3404
3405, 3406
3406, 3405
3407, 3408
3408, 3407
3408, 3409
3409, 3408
3409, 3410
3410, 3409
3410, 3411
3411, 3410
3412, 3413
3413, 3412
3413, 3414
3414, 3413
3414, 3415
3415, 3414
3415, 3416
3416, 3415
3417, 3418
3418, 3417
3419, 3420
3420, 3419
3421, 3422
3422, 3421
3423, 3424
3424, 3423
3425, 3426
3426, 3425
3426, 3427
3427, 3426
3427, 3428
3428, 3427
3428, 3429
3429, 3428
3429, 3430
3430, 3429
3431, 3432
3432, 3431
3432, 3433
3433, 3432
3433, 3434
3434, 3433
3434, 3435
3435, 3434
3435, 3436
3436, 3435
3437, 3438
3438, 3437
3438, 3439
3439, 3438
3439, 3440
3440, 3439
3440, 3441
3441, 3440
3441, 3442
3442, 3441
3443, 3444
3444, 3443
3444, 3445
3445, 3444
3445, 3446
3446, 3445
3447, 3448
3448, 3447
3448, 3449
3449, 3448
3449, 3450
3450, 3449
3451, 3452
3452, 3451
3452, 3453
3453, 3452
3453, 3454
3454, 3453
3455, 3456
3456, 3455
3456, 3457
3457, 3456
3457, 3458
3458, 3457
3459, 3460
3460, 3459
3460, 3461
3461, 3460
3462, 3463
3463, 3462
3463, 3464
3464, 3463
3465, 3466
3466, 3465
3466, 3467
3467, 3466
3468, 3469
3469, 3468
3469, 3470
3470, 3469
3471, 3472
3472, 3471
3472, 3473
3473, 3472
3474, 3475
3475, 3474
3475, 3476
3476, 3475
3477, 3478
3478, 3477
3479, 3480
3480, 3479
3481, 3482
3482, 3481
3483, 3484
3484, 3483
3485, 3486
3486, 3485
3486, 3487
3487, 3486
3487, 3488
3488, 3487
3488, 3489
3489, 3488
3490, 3491
3491, 3490
3491, 3492
3492, 3491
3492, 3493
3493, 3492
3493, 3494
3494, 3493
3495, 3496
3496, 3495
3496, 3497
3497, 3496
3497, 3498
3498, 3497
3498, 3499
3499, 3498
3500, 3500
3500, 3500
3501, 3501
3501, 3501
3502, 3502
3502, 3502
3503, 3503
3503, 3503
3504, 3504
3504, 3504
3505, 3505
3505, 3505
3506, 3506
3506, 3506
3507, 3507
3507, 3507
3508, 3509
3509, 3508
3509, 3510
3510, 3509
3511, 3512
3512, 3511
3512, 3513
3513, 3512
3514, 3515
3515, 3514
3515, 3516
3516, 3515
3517, 3518
3518, 3517
3518, 3519
3519, 3518
3520, 3521
3521, 3520
3521, 3522
3522, 3521
3523, 3524
3524, 3523
3524, 3525
3525, 3524
3526, 3527
3527, 3526
3527, 3528
3528, 3527
3528, 3529
3529, 3528
3530, 3531
3531, 3530
3531, 3532
3532, 3531
3532, 3533
3533, 3532
3534, 3535
3535, 3534
3535, 3536
3536, 3535
3536, 3537
3537, 3536
3538, 3539
3539, 3538
3539, 3540
3540, 3539
3540, 3541
3541, 3540
3542, 3543
3543, 3542
3543, 3544
3544, 3543
3544, 3545
3545, 3544
3546, 3546
3546, 3546
3547, 3547
3547, 3547
3548, 3548
3548, 3548
3549, 3549
3549, 3549
3550, 3550
3550, 3550
3551, 3551
3551, 3551
3552, 3552
3552, 3552
3553, 3553
3553, 3553
3554, 3554
3554, 3554
3555, 3555
3555, 3555
3556, 3556
3556, 3556
3557, 3558
3558, 3557
3559, 3560
3560, 3559
3561, 3562
3562, 3561
3563, 3564
3564, 3563
3565, 3566
3566, 3565
3567, 3568
3568, 3567
3569, 3570
3570, 3569
3571, 3572
3572, 3571
3572, 3573
3573, 3572
3573, 3574
3574, 3573
3574, 3575
3575, 3574
3576, 3577
3577, 3576
3577, 3578
3578, 3577
3578, 3579
3579, 3578
3579, 3580
3580, 3579
3581, 3582
3582, 3581
3582, 3583
3583, 3582
3583, 3584
3584, 3583
3584, 3585
3585, 3584
3586, 3587
3587, 3586
3587, 3588
3588, 3587
3589, 3590
3590, 3589
3590, 3591
3591, 3590
3592, 3593
3593, 3592
3593, 3594
3594, 3593
3595, 3596
3596, 3595
3596, 3597
3597, 3596
3598, 3598
3598, 3598
3599, 3599
3599, 3599
3600, 3600
3600, 3600
3601, 3601
3601, 3601
3602, 3602
3602, 3602
3603, 3603
3603, 3603
3604, 3604
3604, 3604
3605, 3605
3605, 3605
3606, 3607
3607, 3606
3607, 3608
3608, 3607
3608, 3609
3609, 3608
3609, 3610
3610, 3609
3611, 3612
3612, 3611
3612, 3613
3613, 3612
3613, 3614
3614, 3613
3614, 3615
3615, 3614
3616, 3617
3617, 3616
3617, 3618
3618, 3617
3618, 3619
3619, 3618
3619, 3620
3620, 3619
3621, 3622
3622, 3621
3622, 3623
3623, 3622
3623, 3624
3624, 3623
3625, 3626
3626, 3625
3626, 3627
3627, 3626
3627, 3628
3628, 3627
3629, 3630
3630, 3629
3630, 3631
3631, 3630
3631, 3632
3632, 3631
3633, 3634
3634, 3633
3634, 3635
3635, 3634
3635, 3636
3636, 3635
3637, 3638
3638, 3637
3638, 3639
3639, 3638
3639, 3640
3640, 3639
3641, 3642
3642, 3641
3643, 3644
3644, 3643
3645, 3646
3646, 3645
3647, 3648
3648, 3647
3649, 3650
3650, 3649
3651, 3652
3652, 3651
3652, 3653
3653, 3652
3654, 3655
3655, 3654
3655, 3656
3656, 3655
3657, 3658
3658, 3657
3658, 3659
3659, 3658
3660, 3661
3661, 3660
3661, 3662
3662, 3661
3663, 3664
3664, 3663
3664, 3665
3665, 3664
3666, 3667
3667, 3666
3667, 3668
3668, 3667
3668, 3669
3669, 3668
3669, 3670
3670, 3669
3670, 3671
3671, 3670
3671, 3672
3672, 3671
3672, 3673
3673, 3672
3674, 3675
3675, 3674
3675, 3676
3676, 3675
3676, 3677
3677, 3676
3677, 3678
3678, 3677
3678, 3679
3679, 3678
3679, 3680
3680, 3679
3680, 3681
3681, 3680
3682, 3683
3683, 3682
3683, 3684
3684, 3683
3684, 3685
3685, 3684
3685, 3686
3686, 3685
3686, 3687
3687, 3686
3687, 3688
3688, 3687
3688, 3689
3689, 3688
3690, 3690
3690, 3690
3691, 3691
3691, 3691
3692, 3692
3692, 3692
3693, 3694
3694, 3693
3694, 3695
3695, 3694
3695, 3696
3696, 3695
3697, 3698
3698, 3697
3698, 3699
3699, 3698
3699, 3700
3700, 3699
3701, 3702
3702, 3701
3702, 3703
3703, 3702
3703, 3704
3704, 3703
3705, 3706
3706, 3705
3706, 3707
3707, 3706
3707, 3708
3708, 3707
3709, 3710
3710, 3709
3710, 3711
3711, 3710
3711, 3712
3712, 3711
3713, 3714
3714, 3713
3714, 3715
3715, 3714
3715, 3716
3716, 3715
3717, 3718
3718, 3717
3718, 3719
3719, 3718
3719, 3720
3720, 3719
3721, 3722
3722, 3721
3722, 3723
3723, 3722
3723, 3724
3724, 3723
3725, 3726
3726, 3725
3726, 3727
3727, 3726
3727, 3728
3728, 3727
3728, 3729
3729, 3728
3730, 3731
3731, 3730
3731, 3732
3732, 3731
3732, 3733
3733, 3732
3733, 3734
3734, 3733
3735, 3736
3736, 3735
3736, 3737
3737, 3736
3737, 3738
3738, 3737
3738, 3739
3739, 3738
3740, 3741
3741, 3740
3741, 3742
3742, 3741
3742, 3743
3743, 3742
3743, 3744
3744, 3743
3745, 3746
3746, 3745
3746, 3747
3747, 3746
3747, 3748
3748, 3747
3748, 3749
3749, 3748
3750, 3751
3751, 3750
3751, 3752
3752, 3751
3752, 3753
3753, 3752
3753, 3754
3754, 3753
3755, 3756
3756, 3755
3756, 3757
3757, 3756
3757, 3758
3758, 3757
3758, 3759
3759, 3758
3760, 3761
3761, 3760
3761, 3762
3762, 3761
3762, 3763
3763, 3762
3763, 3764
3764, 3763
3765, 3766
3766, 3765
3767, 3768
3768, 3767
3769, 3770
3770, 3769
3771, 3772
3772, 3771
3773, 3774
3774, 3773
3774, 3775
3775, 3774
3776, 3777
3777, 3776
3777, 3778
3778, 3777
3779, 3780
3780, 3779
3780, 3781
3781, 3780
3782, 3783
3783, 3782
3783, 3784
3784, 3783
3785, 3786
3786, 3785
3786, 3787
3787, 3786
3788, 3788
3788, 3788
3789, 3789
3789, 3789
3790, 3790
3790, 3790
3791, 3791
3791, 3791
3792, 3793
3793, 3792
3793, 3794
3794, 3793
3794, 3795
3795, 3794
3796, 3797
3797, 3796
3797, 3798
3798, 3797
3798, 3799
3799, 3798
3800, 3801
3801, 3800
3801, 3802
3802, 3801
3802, 3803
3803, 3802
3804, 3805
3805, 3804
3805, 3806
3806, 3805
3806, 3807
3807, 3806
3808, 3809
3809, 3808
3809, 3810
3810, 3809
3811, 3812
3812, 3811
3812, 3813
3813, 3812
3814, 3815
3815, 3814
3815, 3816
3816, 3815
3817, 3818
3818, 3817
3818, 3819
3819, 3818
3820, 3821
3821, 3820
3821, 3822
3822, 3821
3823, 3824
3824, 3823
3825, 3826
3826, 3825
3827, 3828
3828, 3827
3829, 3830
3830, 3829
3831, 3832
3832, 3831
3832, 3833
3833, 3832
3834, 3835
3835, 3834
3835, 3836
3836, 3835
3837, 3838
3838, 3837
3838, 3839
3839, 3838
3840, 3841
3841, 3840
3841, 3842
3842, 3841
3843, 3844
3844, 3843
3844, 3845
3845, 3844
3845, 3846
3846, 3845
3847, 3848
3848, 3847
3848, 3849
3849, 3848
3849, 3850
3850, 3849
3851, 3852
3852, 3851
3852, 3853
3853, 3852
3853, 3854
3854, 3853
3855, 3856
3856, 3855
3856, 3857
3857, 3856
3857, 3858
3858, 3857
3859, 3860
3860, 3859
3860, 3861
3861, 3860
3861, 3862
3862, 3861
3863, 3864
3864, 3863
3864, 3865
3865, 3864
3865, 3866
3866, 3865
3867, 3868
3868, 3867
3868, 3869
3869, 3868
3869, 3870
3870, 3869
3871, 3872
3872, 3871
3872, 3873
3873, 3872
3874, 3875
3875, 3874
3875, 3876
3876, 3875
3877, 3878
3878, 3877
3878, 3879
3879, 3878
3880, 3881
3881, 3880
3881, 3882
3882, 3881
3883, 3883
3883, 3883
3884, 3884
3884, 3884
3885, 3885
3885, 3885
3886, 3886
3886, 3886
3887, 3888
3888, 3887
3888, 3889
3889, 3888
3889, 3890
3890, 3889
3890, 3891
3891, 3890
3892, 3893
3893, 3892
3893, 3894
3894, 3893
3894, 3895
3895, 3894
3895, 3896
3896, 3895
3897, 3898
3898, 3897
3898, 3899
3899, 3898
3899, 3900
3900, 3899
3900, 3901
3901, 3900
3902, 3903
3903, 3902
3903, 3904
3904, 3903
3904, 3905
3905, 3904
3906, 3907
3907, 3906
3907, 3908
3908, 3907
3908, 3909
3909, 3908
3910, 3911
3911, 3910
3911, 3912
3912, 3911
3912, 3913
3913, 3912
3914, 3915
3915, 3914
3915, 3916
3916, 3915
3916, 3917
3917, 3916
3918, 3919
3919, 3918
3919, 3920
3920, 3919
3920, 3921
3921, 3920
3922, 3922
3922, 3922
3923, 3923
3923, 3923
3924, 3924
3924, 3924
3925, 3925
3925, 3925
3926, 3927
3927, 3926
3928, 3929
3929, 3928
3930, 3931
3931, 3930
3932, 3933
3933, 3932
3934, 3935
3935, 3934
3936, 3937
3937, 3936
3938, 3939
3939, 3938
3940, 3941
3941, 3940
3941, 3942
3942, 3941
3942, 3943
3943, 3942
3944, 3945
3945, 3944
3945, 3946
3946, 3945
3946, 3947
3947, 3946
3948, 3949
3949, 3948
3949, 3950
3950, 3949
3950, 3951
3951, 3950
3952, 3953
3953, 3952
3953, 3954
3954, 3953
3954, 3955
3955, 3954
3956, 3957
3957, 3956
3958, 3959
3959, 3958
3960, 3961
3961, 3960
3962, 3963
3963, 3962
3964, 3965
3965, 3964
3965, 3966
3966, 3965
3967, 3968
3968, 3967
3968, 3969
3969, 3968
3970, 3971
3971, 3970
3971, 3972
3972, 3971
3973, 3974
3974, 3973
3974, 3975
3975, 3974
3976, 3977
3977, 3976
3977, 3978
3978, 3977
3979, 3980
3980, 3979
3980, 3981
3981, 3980
3982, 3983
3983, 3982
3983, 3984
3984, 3983
3985, 3986
3986, 3985
3986, 3987
3987, 3986
3988, 3989
3989, 3988
3989, 3990
3990, 3989
3991, 3992
3992, 3991
3992, 3993
3993, 3992
3994, 3995
3995, 3994
3995, 3996
3996, 3995
3997, 3998
3998, 3997
3998, 3999
3999, 3998
4000, 4001
4001, 4000
4002, 4003
4003, 4002
4004, 4005
4005, 4004
4006, 4007
4007, 4006
4007, 4008
4008, 4007
4008, 4009
4009, 4008
4009, 4010
4010, 4009
4010, 4011
4011, 4010
4012, 4013
4013, 4012
4013, 4014
4014, 4013
4014, 4015
4015, 4014
4015, 4016
4016, 4015
4016, 4017
4017, 4016
4018, 4019
4019, 4018
4019, 4020
4020, 4019
4020, 4021
4021, 4020
4021, 4022
4022, 4021
4022, 4023
4023, 4022
4024, 4025
4025, 4024
4025, 4026
4026, 4025
4026, 4027
4027, 4026
4027, 4028
4028, 4027
4028, 4029
4029, 4028
4030, 4031
4031, 4030
4031, 4032
4032, 4031
4032, 4033
4033, 4032
4033, 4034
4034, 4033
4034, 4035
4035, 4034
4036, 4037
4037, 4036
4037, 4038
4038, 4037
4038, 4039
4039, 4038
4039, 4040
4040, 4039
4040, 4041
4041, 4040
4042, 4043
4043, 4042
4043, 4044
4044, 4043
4045, 4046
4046, 4045
4046, 4047
4047, 4046
4048, 4049
4049, 4048
4049, 4050
4050, 4049
4051, 4052
4052, 4051
4052, 4053
4053, 4052
4054, 4055
4055, 4054
4055, 4056
4056, 4055
4056, 4057
4057, 4056
4058, 4059
4059, 4058
4059, 4060
4060, 4059
4060, 4061
4061, 4060
4062, 4063
4063, 4062
4063, 4064
4064, 4063
4064, 4065
4065, 4064
4066, 4067
4067, 4066
4067, 4068
4068, 4067
4068, 4069
4069, 4068
4069, 4070
4070, 4069
4070, 4071
4071, 4070
4072, 4073
4073, 4072
4073, 4074
4074, 4073
4074, 4075
4075, 4074
4075, 4076
4076, 4075
4076, 4077
4077, 4076
4078, 4079
4079, 4078
4079, 4080
4080, 4079
4080, 4081
4081, 4080
4081, 4082
4082, 4081
4082, 4083
4083, 4082
4084, 4085
4085, 4084
4085, 4086
4086, 4085
4086, 4087
4087, 4086
4087, 4088
4088, 4087
4088, 4089
4089, 4088
4090, 4091
4091, 4090
4091, 4092
4092, 4091
4092, 4093
4093, 4092
4093, 4094
4094, 4093
4094, 4095
4095, 4094
4096, 4097
4097, 4096
4097, 4098
4098, 4097
4098, 4099
4099, 4098
4099, 4100
4100, 4099
4100, 4101
4101, 4100
4102, 4103
4103, 4102
4103, 4104
4104, 4103
4104, 4105
4105, 4104
4105, 4106
4106, 4105
4106, 4107
4107, 4106
4108, 4109
4109, 4108
4109, 4110
4110, 4109
4110, 4111
4111, 4110
4111, 4112
4112, 4111
4112, 4113
4113, 4112
4114, 4115
4115, 4114
4115, 4116
4116, 4115
4116, 4117
4117, 4116
4117, 4118
4118, 4117
4118, 4119
4119, 4118
4120, 4121
4121, 4120
4121, 4122
4122, 4121
4122, 4123
4123, 4122
4123, 4124
4124, 4123
4124, 4125
4125, 4124
4126, 4127
4127, 4126
4127, 4128
4128, 4127
4128, 4129
4129, 4128
4129, 4130
4130, 4129
4130, 4131
4131, 4130
4132, 4133
4133, 4132
4133, 4134
4134, 4133
4134, 4135
4135, 4134
4135, 4136
4136, 4135
4136, 4137
4137, 4136
4138, 4139
4139, 4138
4139, 4140
4140, 4139
4140, 4141
4141, 4140
4141, 4142
4142, 4141
4142, 4143
4143, 4142
4143, 4144
4144, 4143
4144, 4145
4145, 4144
4145, 4146
4146, 4145
4147, 4148
4148, 4147
4148, 4149
4149, 4148
4149, 4150
4150, 4149
4150, 4151
4151, 4150
4151, 4152
4152, 4151
4152, 4153
4153, 4152
4153, 4154
4154, 4153
4154, 4155
4155, 4154
4156, 4157
4157, 4156
4157, 4158
4158, 4157
4158, 4159
4159, 4158
4159, 4160
4160, 4159
4160, 4161
4161, 4160
4161, 4162
4162, 4161
4162, 4163
4163, 4162
4163, 4164
4164, 4163
4165, 4166
4166, 4165
4166, 4167
4167, 4166
4167, 4168
4168, 4167
4168, 4169
4169, 4168
4169, 4170
4170, 4169
4170, 4171
4171, 4170
4171, 4172
4172, 4171
4172, 4173
4173, 4172
4174, 4174
4174, 4174
4175, 4175
4175, 4175
4176, 4176
4176, 4176
4177, 4177
4177, 4177
4178, 4178
4178, 4178
4179, 4180
4180, 4179
4180, 4181
4181, 4180
4181, 4182
4182, 4181
4183, 4184
4184, 4183
4184, 4185
4185, 4184
4185, 4186
4186, 4185
4187, 4188
4188, 4187
4188, 4189
4189, 4188
4189, 4190
4190, 4189
4191, 4192
4192, 4191
4192, 4193
4193, 4192
4194, 4195
4195, 4194
4195, 4196
4196, 4195
4197, 4198
4198, 4197
4198, 4199
4199, 4198
4200, 4201
4201, 4200
4201, 4202
4202, 4201
4203, 4204
4204, 4203
4204, 4205
4205, 4204
4206, 4207
4207, 4206
4207, 4208
4208, 4207
4208, 4209
4209, 4208
4210, 4211
4211, 4210
4211, 4212
4212, 4211
4212, 4213
4213, 4212
4214, 4215
4215, 4214
4215, 4216
4216, 4215
4216, 4217
4217, 4216
4218, 4219
4219, 4218
4219, 4220
4220, 4219
4220, 4221
4221, 4220
4221, 4222
4222, 4221
4223, 4224
4224, 4223
4224, 4225
4225, 4224
4225, 4226
4226, 4225
4226, 4227
4227, 4226
4228, 4229
4229, 4228
4229, 4230
4230, 4229
4230, 4231
4231, 4230
4231, 4232
4232, 4231
4233, 4234
4234, 4233
4234, 4235
4235, 4234
4235, 4236
4236, 4235
4236, 4237
4237, 4236
4238, 4239
4239, 4238
4239, 4240
4240, 4239
4240, 4241
4241, 4240
4241, 4242
4242, 4241
4243, 4244
4244, 4243
4244, 4245
4245, 4244
4245, 4246
4246, 4245
4247, 4248
4248, 4247
4248, 4249
4249, 4248
4249, 4250
4250, 4249
4251, 4252
4252, 4251
4252, 4253
4253, 4252
4253, 4254
4254, 4253
4255, 4256
4256, 4255
4256, 4257
4257, 4256
4257, 4258
4258, 4257
4259, 4260
4260, 4259
4261, 4262
4262, 4261
4263, 4264
4264, 4263
4265, 4266
4266, 4265
4267, 4268
4268, 4267
4269, 4270
4270, 4269
4270, 4271
4271, 4270
4271, 4272
4272, 4271
4273, 4274
4274, 4273
4274, 4275
4275, 4274
4275, 4276
4276, 4275
4277, 4278
4278, 4277
4278, 4279
4279, 4278
4279, 4280
4280, 4279
4281, 4282
4282, 4281
4282, 4283
4283, 4282
4284, 4285
4285, 4284
4285, 4286
4286, 4285
4287, 4288
4288, 4287
4288, 4289
4289, 4288
4290, 4291
4291, 4290
4291, 4292
4292, 4291
4293, 4294
4294, 4293
4294, 4295
4295, 4294
4296, 4297
4297, 4296
4297, 4298
4298, 4297
4298, 4299
4299, 4298
4299, 4300
4300, 4299
4300, 4301
4301, 4300
4302, 4303
4303, 4302
4303, 4304
4304, 4303
4304, 4305
4305, 4304
4305, 4306
4306, 4305
4306, 4307
4307, 4306
4308, 4309
4309, 4308
4309, 4310
4310, 4309
4310, 4311
4311, 4310
4311, 4312
4312, 4311
4312, 4313
4313, 4312
4314, 4315
4315, 4314
4315, 4316
4316, 4315
4316, 4317
4317, 4316
4317, 4318
4318, 4317
4318, 4319
4319, 4318
4320, 4321
4321, 4320
4321, 4322
4322, 4321
4322, 4323
4323, 4322
4323, 4324
4324, 4323
4324, 4325
4325, 4324
4326, 4327
4327, 4326
4327, 4328
4328, 4327
4328, 4329
4329, 4328
4330, 4331
4331, 4330
4331, 4332
4332, 4331
4332, 4333
4333, 4332
4334, 4335
4335, 4334
4335, 4336
4336, 4335
4336, 4337
4337, 4336
4338, 4339
4339, 4338
4339, 4340
4340, 4339
4340, 4341
4341, 4340
4342, 4343
4343, 4342
4343, 4344
4344, 4343
4344, 4345
4345, 4344
4346, 4347
4347, 4346
4347, 4348
4348, 4347
4348, 4349
4349, 4348
4350, 4351
4351, 4350
4351, 4352
4352, 4351
4352, 4353
4353, 4352
4354, 4355
4355, 4354
4355, 4356
4356, 4355
4356, 4357
4357, 4356
4357, 4358
4358, 4357
4358, 4359
4359, 4358
4360, 4361
4361, 4360
4361, 4362
4362, 4361
4362, 4363
4363, 4362
4363, 4364
4364, 4363
4364, 4365
4365, 4364
4366, 4367
4367, 4366
4367, 4368
4368, 4367
4368, 4369
4369, 4368
4369, 4370
4370, 4369
4370, 4371
4371, 4370
4372, 4373
4373, 4372
4373, 4374
4374, 4373
4374, 4375
4375, 4374
4375, 4376
4376, 4375
4376, 4377
4377, 4376
4378, 4379
4379, 4378
4379, 4380
4380, 4379
4380, 4381
4381, 4380
4381, 4382
4382, 4381
4382, 4383
4383, 4382
4384, 4385
4385, 4384
4385, 4386
4386, 4385
4386, 4387
4387, 4386
4387, 4388
4388, 4387
4388, 4389
4389, 4388
4390, 4391
4391, 4390
4391, 4392
4392, 4391
4392, 4393
4393, 4392
4393, 4394
4394, 4393
4394, 4395
4395, 4394
4396, 4397
4397, 4396
4397, 4398
4398, 4397
4398, 4399
4399, 4398
4399, 4400
4400, 4399
4400, 4401
4401, 4400
4402, 4403
4403, 4402
4403, 4404
4404, 4403
4404, 4405
4405, 4404
4405, 4406
4406, 4405
4406, 4407
4407, 4406
4408, 4409
4409, 4408
4409, 4410
4410, 4409
4411, 4412
4412, 4411
4412, 4413
4413, 4412
4414, 4415
4415, 4414
4415, 4416
4416, 4415
4417, 4418
4418, 4417
4418, 4419
4419, 4418
4420, 4421
4421, 4420
4421, 4422
4422, 4421
4422, 4423
4423, 4422
4424, 4425
4425, 4424
4425, 4426
4426, 4425
4426, 4427
4427, 4426
4428, 4429
4429, 4428
4429, 4430
4430, 4429
4430, 4431
4431, 4430
4432, 4433
4433, 4432
4433, 4434
4434, 4433
4434, 4435
4435, 4434
4436, 4437
4437, 4436
4437, 4438
4438, 4437
4439, 4440
4440, 4439
4440, 4441
4441, 4440
4442, 4443
4443, 4442
4443, 4444
4444, 4443
4445, 4446
4446, 4445
4446, 4447
4447, 4446
4448, 4449
4449, 4448
4449, 4450
4450, 4449
4450, 4451
4451, 4450
4451, 4452
4452, 4451
4453, 4454
4454, 4453
4454, 4455
4455, 4454
4455, 4456
4456, 4455
4456, 4457
4457, 4456
4458, 4459
4459, 4458
4459, 4460
4460, 4459
4460, 4461
4461, 4460
4461, 4462
4462, 4461
4463, 4464
4464, 4463
4464, 4465
4465, 4464
4465, 4466
4466, 4465
4466, 4467
4467, 4466
4468, 4469
4469, 4468
4469, 4470
4470, 4469
4470, 4471
4471, 4470
4471, 4472
4472, 4471
4473, 4474
4474, 4473
4474, 4475
4475, 4474
4475, 4476
4476, 4475
4476, 4477
4477, 4476
4478, 4479
4479, 4478
4479, 4480
4480, 4479
4480, 4481
4481, 4480
4481, 4482
4482, 4481
4483, 4484
4484, 4483
4484, 4485
4485, 4484
4485, 4486
4486, 4485
4486, 4487
4487, 4486
4488, 4489
4489, 4488
4489, 4490
4490, 4489
4490, 4491
4491, 4490
4491, 4492
4492, 4491
4493, 4494
4494, 4493
4494, 4495
4495, 4494
4495, 4496
4496, 4495
4496, 4497
4497, 4496
4498, 4499
4499, 4498
4499, 4500
4500, 4499
4500, 4501
4501, 4500
4501, 4502
4502, 4501
4503, 4504
4504, 4503
4504, 4505
4505, 4504
4506, 4507
4507, 4506
4507, 4508
4508, 4507
4509, 4510
4510, 4509
4510, 4511
4511, 4510
4512, 4513
4513, 4512
4513, 4514
4514, 4513
4515, 4516
4516, 4515
4517, 4518
4518, 4517
4519, 4520
4520, 4519
4521, 4522
4522, 4521
4523, 4524
4524, 4523
4525, 4526
4526, 4525
4527, 4528
4528, 4527
4528, 4529
4529, 4528
4530, 4531
4531, 4530
4531, 4532
4532, 4531
4533, 4534
4534, 4533
4534, 4535
4535, 4534
4536, 4537
4537, 4536
4537, 4538
4538, 4537
4539, 4540
4540, 4539
4540, 4541
4541, 4540
4542, 4543
4543, 4542
4543, 4544
4544, 4543
4545, 4546
4546, 4545
4546, 4547
4547, 4546
4548, 4549
4549, 4548
4549, 4550
4550, 4549
4551, 4552
4552, 4551
4552, 4553
4553, 4552
4554, 4555
4555, 4554
4555, 4556
4556, 4555
4557, 4558
4558, 4557
4558, 4559
4559, 4558
4559, 4560
4560, 4559
4561, 4562
4562, 4561
4562, 4563
4563, 4562
4563, 4564
4564, 4563
4565, 4566
4566, 4565
4566, 4567
4567, 4566
4567, 4568
4568, 4567
4569, 4570
4570, 4569
4570, 4571
4571, 4570
4571, 4572
4572, 4571
4573, 4574
4574, 4573
4574, 4575
4575, 4574
4575, 4576
4576, 4575
4577, 4578
4578, 4577
4578, 4579
4579, 4578
4579, 4580
4580, 4579
4580, 4581
4581, 4580
4581, 4582
4582, 4581
4582, 4583
4583, 4582
4584, 4585
4585, 4584
4585, 4586
4586, 4585
4586, 4587
4587, 4586
4587, 4588
4588, 4587
4588, 4589
4589, 4588
4589, 4590
4590, 4589
4591, 4592
4592, 4591
4592, 4593
4593, 4592
4593, 4594
4594, 4593
4594, 4595
4595, 4594
4595, 4596
4596, 4595
4596, 4597
4597, 4596
4598, 4599
4599, 4598
4599, 4600
4600, 4599
4600, 4601
4601, 4600
4601, 4602
4602, 4601
4602, 4603
4603, 4602
4603, 4604
4604, 4603
4605, 4605
4605, 4605
4606, 4606
4606, 4606
4607, 4607
4607, 4607
4608, 4608
4608, 4608
4609, 4610
4610, 4609
4610, 4611
4611, 4610
4612, 4613
4613, 4612
4613, 4614
4614, 4613
4615, 4616
4616, 4615
4616, 4617
4617, 4616
4618, 4619
4619, 4618
4619, 4620
4620, 4619
4620, 4621
4621, 4620
4622, 4623
4623, 4622
4623, 4624
4624, 4623
4624, 4625
4625, 4624
4626, 4627
4627, 4626
4627, 4628
4628, 4627
4628, 4629
4629, 4628
4630, 4631
4631, 4630
4631, 4632
4632, 4631
4632, 4633
4633, 4632
4634, 4635
4635, 4634
4635, 4636
4636, 4635
4636, 4637
4637, 4636
4638, 4639
4639, 4638
4640, 4641
4641, 4640
4642, 4643
4643, 4642
4644, 4645
4645, 4644
4645, 4646
4646, 4645
4646, 4647
4647, 4646
4647, 4648
4648, 4647
4649, 4650
4650, 4649
4650, 4651
4651, 4650
4651, 4652
4652, 4651
4652, 4653
4653, 4652
4654, 4655
4655, 4654
4655, 4656
4656, 4655
4656, 4657
4657, 4656
4657, 4658
4658, 4657
4659, 4660
4660, 4659
4660, 4661
4661, 4660
4661, 4662
4662, 4661
4662, 4663
4663, 4662
4664, 4665
4665, 4664
4665, 4666
4666, 4665
4667, 4668
4668, 4667
4668, 4669
4669, 4668
4670, 4671
4671, 4670
4671, 4672
4672, 4671
4673, 4674
4674, 4673
4674, 4675
4675, 4674
4676, 4677
4677, 4676
4677, 4678
4678, 4677
4679, 4680
4680, 4679
4680, 4681
4681, 4680
4682, 4683
4683, 4682
4683, 4684
4684, 4683
4685, 4686
4686, 4685
4686, 4687
4687, 4686
4687, 4688
4688, 4687
4688, 4689
4689, 4688
4690, 4691
4691, 4690
4691, 4692
4692, 4691
4692, 4693
4693, 4692
4693, 4694
4694, 4693
4695, 4696
4696, 4695
4696, 4697
4697, 4696
4697, 4698
4698, 4697
4698, 4699
4699, 4698
4700, 4701
4701, 4700
4701, 4702
4702, 4701
4702, 4703
4703, 4702
4703, 4704
4704, 4703
4705, 4706
4706, 4705
4706, 4707
4707, 4706
4707, 4708
4708, 4707
4708, 4709
4709, 4708
4710, 4711
4711, 4710
4711, 4712
4712, 4711
4712, 4713
4713, 4712
4713, 4714
4714, 4713
4715, 4716
4716, 4715
4716, 4717
4717, 4716
4717, 4718
4718, 4717
4718, 4719
4719, 4718
4720, 4721
4721, 4720
4721, 4722
4722, 4721
4722, 4723
4723, 4722
4723, 4724
4724, 4723
4725, 4726
4726, 4725
4726, 4727
4727, 4726
4727, 4728
4728, 4727
4728, 4729
4729, 4728
4730, 4731
4731, 4730
4731, 4732
4732, 4731
4732, 4733
4733, 4732
4733, 4734
4734, 4733
4735, 4736
4736, 4735
4736, 4737
4737, 4736
4737, 4738
4738, 4737
4738, 4739
4739, 4738
4740, 4741
4741, 4740
4741, 4742
4742, 4741
4742, 4743
4743, 4742
4743, 4744
4744, 4743
4745, 4746
4746, 4745
4746, 4747
4747, 4746
4747, 4748
4748, 4747
4749, 4750
4750, 4749
4750, 4751
4751, 4750
4751, 4752
4752, 4751
4753, 4754
4754, 4753
4754, 4755
4755, 4754
4755, 4756
4756, 4755
4757, 4758
4758, 4757
4758, 4759
4759, 4758
4759, 4760
4760, 4759
4761, 4762
4762, 4761
4762, 4763
4763, 4762
4763, 4764
4764, 4763
4765, 4766
4766, 4765
4766, 4767
4767, 4766
4767, 4768
4768, 4767
4769, 4770
4770, 4769
4770, 4771
4771, 4770
4771, 4772
4772, 4771
4773, 4774
4774, 4773
4774, 4775
4775, 4774
4775, 4776
4776, 4775
4777, 4778
4778, 4777
4778, 4779
4779, 4778
4780, 4781
4781, 4780
4781, 4782
4782, 4781
4783, 4784
4784, 4783
4784, 4785
4785, 4784
4786, 4787
4787, 4786
4787, 4788
4788, 4787
4789, 4790
4790, 4789
4790, 4791
4791, 4790
4791, 4792
4792, 4791
4792, 4793
4793, 4792
4794, 4795
4795, 4794
4795, 4796
4796, 4795
4796, 4797
4797, 4796
4797, 4798
4798, 4797
4799, 4800
4800, 4799
4800, 4801
4801, 4800
4801, 4802
4802, 4801
4802, 4803
4803, 4802
4804, 4805
4805, 4804
4805, 4806
4806, 4805
4806, 4807
4807, 4806
4807, 4808
4808, 4807
4809, 4810
4810, 4809
4810, 4811
4811, 4810
4811, 4812
4812, 4811
4812, 4813
4813, 4812
4814, 4815
4815, 4814
4815, 4816
4816, 4815
4816, 4817
4817, 4816
4817, 4818
4818, 4817
4819, 4820
4820, 4819
4821, 4822
4822, 4821
4823, 4824
4824, 4823
4825, 4826
4826, 4825
4827, 4828
4828, 4827
4829, 4830
4830, 4829
4831, 4832
4832, 4831
4832, 4833
4833, 4832
4833, 4834
4834, 4833
4835, 4836
4836, 4835
4836, 4837
4837, 4836
4837, 4838
4838, 4837
4839, 4840
4840, 4839
4840, 4841
4841, 4840
4841, 4842
4842, 4841
4843, 4844
4844, 4843
4844, 4845
4845, 4844
4845, 4846
4846, 4845
4847, 4848
4848, 4847
4848, 4849
4849, 4848
4849, 4850
4850, 4849
4851, 4851
4851, 4851
4852, 4852
4852, 4852
4853, 4853
4853, 4853
4854, 4854
4854, 4854